//ARCSUP 1
0
0
0.10,0.0,0,5.0
100,100,17.0
0
0.0,5.0
100,100,17.0
0,0,0
3,1
110,0,0,0
120,0,0,0
19.0,0.0,0.0,0.0
0.30,0.00,0.00,0.00,0.0,0.0,-0.5
//ARCSUP 2
0
1
0.10,10.0,0,5.0
100,100,17.0
0
5.0,5.0
100,100,17.0
0,0,0
3,1
110,0,0,0
120,0,0,0
19.0,0.0,0.0,0.0
0.30,0.00,0.00,0.00,0.0,0.0,2.0
//ARCSUP 3
0
1
0.10,10.0,0,5.0
100,100,17.0
0
5.0,5.0
100,100,17.0
0,0,0
3,1
110,0,0,0
120,0,0,0
19.0,0.0,0.0,0.0
0.30,0.00,0.00,0.00,0.0,0.0,2.0
//ARCSUP 4
0
1
0.10,10.0,0,5.0
100,100,17.0
0
5.0,5.0
100,100,17.0
0,0,0
3,1
110,0,0,0
120,0,0,0
19.0,0.0,0.0,0.0
0.30,0.00,0.00,0.00,0.0,0.0,2.0
//ARCSUP 5
0
1
0.10,10.0,0,5.0
100,100,17.0
0
5.0,5.0
100,100,17.0
0,0,0
3,1
110,0,0,0
120,0,0,0
19.0,0.0,0.0,0.0
0.30,0.00,0.00,0.00,0.0,0.0,2.0
//ARCSUP 6
0
1
0.10,10.0,0,5.0
100,100,17.0
0
5.0,5.0
100,100,17.0
0,0,0
3,1
110,0,0,0
120,0,0,0
19.0,0.0,0.0,0.0
0.30,0.00,0.00,0.00,0.0,0.0,2.0
//ARCSUP 7
0
1
0.10,10.0,0,5.0
100,100,17.0
0
5.0,5.0
100,100,17.0
0,0,0
3,1
110,0,0,0
120,0,0,0
19.0,0.0,0.0,0.0
0.30,0.00,0.00,0.00,0.0,0.0,2.0
//ARCSUP 8
0
1
0.10,10.0,0,5.0
100,100,17.0
0
5.0,5.0
100,100,17.0
0,0,0
3,1
110,0,0,0
120,0,0,0
19.0,0.0,0.0,0.0
0.30,0.00,0.00,0.00,0.0,0.0,2.0
