//ENCHEAT 1
0,0,0,0,0,0,0,0
-2113655518,-2113655518,-2113655518,-2113655518,-2113655518,-2113655518,-2113655518,-2113655518
0,0,0,0,0,0,0,0
0,0,0,0,0,0,0,0
0,0,0,0,0,0,0,0
0,0,0,0,0,0,0,0
//ENCHEAT 2
0,0,0,0,0,0,0,0
-2113655518,-2113655518,-2113655518,-2113655518,-2113655518,-2113655518,-2113655518,-2113655518
0,0,0,0,0,0,0,0
0,0,0,0,0,0,0,0
0,0,0,0,0,0,0,0
0,0,0,0,0,0,0,0
//ENCHEAT 3
0,0,0,0,0,0,0,0
-2113655518,-2113655518,-2113655518,-2113655518,-2113655518,-2113655518,-2113655518,-2113655518
0,0,0,0,0,0,0,0
0,0,0,0,0,0,0,0
0,0,0,0,0,0,0,0
0,0,0,0,0,0,0,0
//ENCHEAT 4
0,0,0,0,0,0,0,0
-2113655518,-2113655518,-2113655518,-2113655518,-2113655518,-2113655518,-2113655518,-2113655518
0,0,0,0,0,0,0,0
0,0,0,0,0,0,0,0
0,0,0,0,0,0,0,0
0,0,0,0,0,0,0,0
//ENCHEAT 5
0,0,0,0,0,0,0,0
-2113655518,-2113655518,-2113655518,-2113655518,-2113655518,-2113655518,-2113655518,-2113655518
0,0,0,0,0,0,0,0
0,0,0,0,0,0,0,0
0,0,0,0,0,0,0,0
0,0,0,0,0,0,0,0
//ENCHEAT 6
0,0,0,0,0,0,0,0
-2113655518,-2113655518,-2113655518,-2113655518,-2113655518,-2113655518,-2113655518,-2113655518
0,0,0,0,0,0,0,0
0,0,0,0,0,0,0,0
0,0,0,0,0,0,0,0
0,0,0,0,0,0,0,0
//ENCHEAT 7
0,0,0,0,0,0,0,0
-2113655518,-2113655518,-2113655518,-2113655518,-2113655518,-2113655518,-2113655518,-2113655518
0,0,0,0,0,0,0,0
0,0,0,0,0,0,0,0
0,0,0,0,0,0,0,0
0,0,0,0,0,0,0,0
//ENCHEAT 8
0,0,0,0,0,0,0,0
-2113655518,-2113655518,-2113655518,-2113655518,-2113655518,-2113655518,-2113655518,-2113655518
0,0,0,0,0,0,0,0
0,0,0,0,0,0,0,0
0,0,0,0,0,0,0,0
0,0,0,0,0,0,0,0
//ENCHEAT 9
0,0,0,0,0,0,0,0
-2113655518,-2113655518,-2113655518,-2113655518,-2113655518,-2113655518,-2113655518,-2113655518
0,0,0,0,0,0,0,0
0,0,0,0,0,0,0,0
0,0,0,0,0,0,0,0
0,0,0,0,0,0,0,0
//ENCHEAT 10
0,0,0,0,0,0,0,0
-2113655518,-2113655518,-2113655518,-2113655518,-2113655518,-2113655518,-2113655518,-2113655518
0,0,0,0,0,0,0,0
0,0,0,0,0,0,0,0
0,0,0,0,0,0,0,0
0,0,0,0,0,0,0,0
//ENCHEAT 11
0,0,0,0,0,0,0,0
-2113655518,-2113655518,-2113655518,-2113655518,-2113655518,-2113655518,-2113655518,-2113655518
0,0,0,0,0,0,0,0
0,0,0,0,0,0,0,0
0,0,0,0,0,0,0,0
0,0,0,0,0,0,0,0
//ENCHEAT 12
0,0,0,0,0,0,0,0
-2113655518,-2113655518,-2113655518,-2113655518,-2113655518,-2113655518,-2113655518,-2113655518
0,0,0,0,0,0,0,0
0,0,0,0,0,0,0,0
0,0,0,0,0,0,0,0
0,0,0,0,0,0,0,0
//ENCHEAT 13
0,0,0,0,0,0,0,0
-2113655518,-2113655518,-2113655518,-2113655518,-2113655518,-2113655518,-2113655518,-2113655518
0,0,0,0,0,0,0,0
0,0,0,0,0,0,0,0
0,0,0,0,0,0,0,0
0,0,0,0,0,0,0,0
//ENCHEAT 14
0,0,0,0,0,0,0,0
-2113655518,-2113655518,-2113655518,-2113655518,-2113655518,-2113655518,-2113655518,-2113655518
0,0,0,0,0,0,0,0
0,0,0,0,0,0,0,0
0,0,0,0,0,0,0,0
0,0,0,0,0,0,0,0
//ENCHEAT 15
0,0,0,0,0,0,0,0
-2113655518,-2113655518,-2113655518,-2113655518,-2113655518,-2113655518,-2113655518,-2113655518
0,0,0,0,0,0,0,0
0,0,0,0,0,0,0,0
0,0,0,0,0,0,0,0
0,0,0,0,0,0,0,0
//ENCHEAT 16
0,0,0,0,0,0,0,0
-2113655518,-2113655518,-2113655518,-2113655518,-2113655518,-2113655518,-2113655518,-2113655518
0,0,0,0,0,0,0,0
0,0,0,0,0,0,0,0
0,0,0,0,0,0,0,0
0,0,0,0,0,0,0,0
//ENCHEAT 17
0,0,0,0,0,0,0,0
-2113655518,-2113655518,-2113655518,-2113655518,-2113655518,-2113655518,-2113655518,-2113655518
0,0,0,0,0,0,0,0
0,0,0,0,0,0,0,0
0,0,0,0,0,0,0,0
0,0,0,0,0,0,0,0
//ENCHEAT 18
0,0,0,0,0,0,0,0
-2113655518,-2113655518,-2113655518,-2113655518,-2113655518,-2113655518,-2113655518,-2113655518
0,0,0,0,0,0,0,0
0,0,0,0,0,0,0,0
0,0,0,0,0,0,0,0
0,0,0,0,0,0,0,0
//ENCHEAT 19
0,0,0,0,0,0,0,0
-2113655518,-2113655518,-2113655518,-2113655518,-2113655518,-2113655518,-2113655518,-2113655518
0,0,0,0,0,0,0,0
0,0,0,0,0,0,0,0
0,0,0,0,0,0,0,0
0,0,0,0,0,0,0,0
//ENCHEAT 20
0,0,0,0,0,0,0,0
-2113655518,-2113655518,-2113655518,-2113655518,-2113655518,-2113655518,-2113655518,-2113655518
0,0,0,0,0,0,0,0
0,0,0,0,0,0,0,0
0,0,0,0,0,0,0,0
0,0,0,0,0,0,0,0
//ENCHEAT 21
0,0,0,0,0,0,0,0
-2113655518,-2113655518,-2113655518,-2113655518,-2113655518,-2113655518,-2113655518,-2113655518
0,0,0,0,0,0,0,0
0,0,0,0,0,0,0,0
0,0,0,0,0,0,0,0
0,0,0,0,0,0,0,0
//ENCHEAT 22
0,0,0,0,0,0,0,0
-2113655518,-2113655518,-2113655518,-2113655518,-2113655518,-2113655518,-2113655518,-2113655518
0,0,0,0,0,0,0,0
0,0,0,0,0,0,0,0
0,0,0,0,0,0,0,0
0,0,0,0,0,0,0,0
//ENCHEAT 23
0,0,0,0,0,0,0,0
-2113655518,-2113655518,-2113655518,-2113655518,-2113655518,-2113655518,-2113655518,-2113655518
0,0,0,0,0,0,0,0
0,0,0,0,0,0,0,0
0,0,0,0,0,0,0,0
0,0,0,0,0,0,0,0
//ENCHEAT 24
0,0,0,0,0,0,0,0
-2113655518,-2113655518,-2113655518,-2113655518,-2113655518,-2113655518,-2113655518,-2113655518
0,0,0,0,0,0,0,0
0,0,0,0,0,0,0,0
0,0,0,0,0,0,0,0
0,0,0,0,0,0,0,0
//ENCHEAT 25
0,0,0,0,0,0,0,0
-2113655518,-2113655518,-2113655518,-2113655518,-2113655518,-2113655518,-2113655518,-2113655518
0,0,0,0,0,0,0,0
0,0,0,0,0,0,0,0
0,0,0,0,0,0,0,0
0,0,0,0,0,0,0,0
//ENCHEAT 26
0,0,0,0,0,0,0,0
-2113655518,-2113655518,-2113655518,-2113655518,-2113655518,-2113655518,-2113655518,-2113655518
0,0,0,0,0,0,0,0
0,0,0,0,0,0,0,0
0,0,0,0,0,0,0,0
0,0,0,0,0,0,0,0
//ENCHEAT 27
0,0,0,0,0,0,0,0
-2113655518,-2113655518,-2113655518,-2113655518,-2113655518,-2113655518,-2113655518,-2113655518
0,0,0,0,0,0,0,0
0,0,0,0,0,0,0,0
0,0,0,0,0,0,0,0
0,0,0,0,0,0,0,0
//ENCHEAT 28
0,0,0,0,0,0,0,0
-2113655518,-2113655518,-2113655518,-2113655518,-2113655518,-2113655518,-2113655518,-2113655518
0,0,0,0,0,0,0,0
0,0,0,0,0,0,0,0
0,0,0,0,0,0,0,0
0,0,0,0,0,0,0,0
//ENCHEAT 29
0,0,0,0,0,0,0,0
-2113655518,-2113655518,-2113655518,-2113655518,-2113655518,-2113655518,-2113655518,-2113655518
0,0,0,0,0,0,0,0
0,0,0,0,0,0,0,0
0,0,0,0,0,0,0,0
0,0,0,0,0,0,0,0
//ENCHEAT 30
0,0,0,0,0,0,0,0
-2113655518,-2113655518,-2113655518,-2113655518,-2113655518,-2113655518,-2113655518,-2113655518
0,0,0,0,0,0,0,0
0,0,0,0,0,0,0,0
0,0,0,0,0,0,0,0
0,0,0,0,0,0,0,0
//ENCHEAT 31
0,0,0,0,0,0,0,0
-2113655518,-2113655518,-2113655518,-2113655518,-2113655518,-2113655518,-2113655518,-2113655518
0,0,0,0,0,0,0,0
0,0,0,0,0,0,0,0
0,0,0,0,0,0,0,0
0,0,0,0,0,0,0,0
//ENCHEAT 32
0,0,0,0,0,0,0,0
-2113655518,-2113655518,-2113655518,-2113655518,-2113655518,-2113655518,-2113655518,-2113655518
0,0,0,0,0,0,0,0
0,0,0,0,0,0,0,0
0,0,0,0,0,0,0,0
0,0,0,0,0,0,0,0
