//IFPANEL 1
///NAME Fronius TIG ,Panel 1
1A,0,0,2,0,Fronius OK,,,0,1,1,72,0,0,0,0,0,0,0,,,,0
1B,0,5,2,0,,,AVC on,0,1,1,12553,0,1,12553,0,0,0,0,,,,0
1C,0,0,0,0,,,,0,0,0,0,0,0,0,0,0,0,0,,,,0
1D,0,7,15,0,,Wire,inching,0,1,1,10071,0,1,10071,0,0,0,0,,,,0
1E,0,0,0,0,,,,0,0,0,0,0,0,0,0,0,0,0,,,,0
1F,0,8,0,0,,Job mode,0,0,1,1,10050,0,1,10050,0,0,0,0,,,,0
1G,0,0,0,0,,,,0,0,0,0,0,0,0,0,0,0,0,,,,0
1H,0,0,0,0,,,,0,0,0,0,0,0,0,0,0,0,0,,,,0
2A,0,0,4,0,Error,,,0,1,1,71,0,0,0,0,0,0,0,,,,0
2B,1,4,2,0,,Reset,fronius,0,1,1,10043,0,1,10043,0,0,0,0,,,,0
2C,0,4,0,0,,,,0,0,0,0,0,0,0,0,0,0,0,,,,0
2D,0,7,0,0,,Wire ,retract,0,1,1,10073,0,1,10073,0,0,0,0,,,,0
2E,0,0,0,0,,,,0,0,0,0,0,0,0,0,0,0,0,,,,0
2F,0,8,15,0,,Job mode,1,0,1,1,10051,0,1,10051,0,0,0,0,,,,0
2G,0,0,0,0,,,,0,0,0,0,0,0,0,0,0,0,0,,,,0
2H,0,0,0,0,,,,0,0,0,0,0,0,0,0,0,0,0,,,,0
3A,0,0,0,0,,,,0,0,0,0,0,0,0,0,0,0,0,,,,0
3B,0,0,0,0,,,,0,0,0,0,0,0,0,0,0,0,0,,,,0
3C,0,0,0,0,,,,0,0,0,0,0,0,0,0,0,0,0,,,,0
3D,0,7,15,0,,Gas blow,,0,1,1,10072,0,1,10072,0,0,0,0,,,,0
3E,0,0,0,0,,,,0,0,0,0,0,0,0,0,0,0,0,,,,0
3F,0,8,0,0,,Job mode,2,0,1,1,10052,0,1,10052,0,0,0,0,,,,0
3G,0,0,0,0,,,,0,0,0,0,0,0,0,0,0,0,0,,,,0
3H,0,0,0,0,,,,0,0,0,0,0,0,0,0,0,0,0,,,,0
4A,0,0,0,0,,,,0,0,0,0,0,0,0,0,0,0,0,,,,0
4B,0,0,0,0,,,,0,0,0,0,0,0,0,0,0,0,0,,,,0
4C,0,0,0,0,,,,0,0,0,0,0,0,0,0,0,0,0,,,,0
4D,0,0,0,0,,,,0,0,0,0,0,0,0,0,0,0,0,,,,0
4E,0,0,0,0,,,,0,0,0,0,0,0,0,0,0,0,0,,,,0
4F,0,0,0,0,,,,0,0,0,0,0,0,0,0,0,0,0,,,,0
4G,0,0,0,0,,,,0,0,0,0,0,0,0,0,0,0,0,,,,0
4H,0,0,0,0,,,,0,0,0,0,0,0,0,0,0,0,0,,,,0
//IFPANEL 2
///NAME I/O ,Panel 2
1A,1,4,2,0,,Curtain S1,UP,0,1,1,10020,0,1,10020,0,0,0,0,,,,0
1B,0,4,2,0,,Home,program,0,1,1,12551,0,1,12551,0,0,0,0,,,,0
1C,0,0,0,0,,,,0,0,0,0,0,0,0,0,0,0,0,,,,0
1D,0,0,0,0,,,,0,0,0,0,0,0,0,0,0,0,0,,,,0
1E,0,0,0,0,,,,0,0,0,0,0,0,0,0,0,0,0,,,,0
1F,0,0,0,0,,,,0,0,0,0,0,0,0,0,0,0,0,,,,0
1G,0,0,0,0,,,,0,0,0,0,0,0,0,0,0,0,0,,,,0
1H,0,0,0,0,,,,0,0,0,0,0,0,0,0,0,0,0,,,,0
2A,1,4,16,0,,Curtain S1,DOWN,0,1,1,10021,0,1,10021,0,0,0,0,,,,0
2B,0,5,2,0,,,,0,0,0,0,0,0,0,0,0,0,0,,,,0
2C,0,0,0,0,,,,0,0,0,0,0,0,0,0,0,0,0,,,,0
2D,0,16,6,0,,rotation ,station,0,0,3,99,0,0,0,0,0,0,0,,,,0
2E,0,0,0,0,,,,0,0,0,0,0,0,0,0,0,0,0,,,,0
2F,0,0,0,0,,,,0,0,0,0,0,0,0,0,0,0,0,,,,0
2G,0,0,0,0,,,,0,0,0,0,0,0,0,0,0,0,0,,,,0
2H,0,0,0,0,,,,0,0,0,0,0,0,0,0,0,0,0,,,,0
3A,1,4,2,0,,Curtain S2,UP,0,1,1,10023,0,1,10023,0,0,0,0,,,,0
3B,0,0,0,0,,,,0,0,0,0,0,0,0,0,0,0,0,,,,0
3C,0,0,0,0,,,,0,0,0,0,0,0,0,0,0,0,0,,,,0
3D,0,0,0,0,,,,0,0,0,0,0,0,0,0,0,0,0,,,,0
3E,0,0,0,0,,,,0,0,0,0,0,0,0,0,0,0,0,,,,0
3F,0,0,0,0,,,,0,0,0,0,0,0,0,0,0,0,0,,,,0
3G,0,0,0,0,,,,0,0,0,0,0,0,0,0,0,0,0,,,,0
3H,0,0,0,0,,,,0,0,0,0,0,0,0,0,0,0,0,,,,0
4A,1,4,16,0,,Curtain S2,DOWN,0,1,1,10022,0,1,10022,0,0,0,0,,,,0
4B,0,4,5,0,,Signals,for Play,0,0,1,2553,0,1,12552,0,0,0,0,,,,0
4C,0,0,0,0,,,,0,0,0,0,0,0,0,0,0,0,0,,,,0
4D,0,0,0,0,,,,0,0,0,0,0,0,0,0,0,0,0,,,,0
4E,0,0,0,0,,,,0,0,0,0,0,0,0,0,0,0,0,,,,0
4F,0,0,0,0,,,,0,0,0,0,0,0,0,0,0,0,0,,,,0
4G,0,0,0,0,,,,0,0,0,0,0,0,0,0,0,0,0,,,,0
4H,0,0,0,0,,,,0,0,0,0,0,0,0,0,0,0,0,,,,0
//IFPANEL 3
///NAME PARAMETER,Panel 3
1A,1,19,0,0,Overlap,front,f200,0,1,3,20,0,3,20,0,0,0,0,,,,0
1B,0,0,0,0,,,,0,0,0,0,0,0,0,0,0,0,0,,,,0
1C,0,0,0,0,,,,0,0,0,0,0,0,0,0,0,0,0,,,,0
1D,0,0,0,0,,,,0,0,0,0,0,0,0,0,0,0,0,,,,0
1E,0,0,0,0,,,,0,0,0,0,0,0,0,0,0,0,0,,,,0
1F,0,0,0,0,,,,0,0,0,0,0,0,0,0,0,0,0,,,,0
1G,0,0,0,0,,,,0,0,0,0,0,0,0,0,0,0,0,,,,0
1H,0,0,0,0,,,,0,0,0,0,0,0,0,0,0,0,0,,,,0
2A,1,19,0,0,Overlap ,rear,f200,0,1,3,21,0,3,21,0,0,0,0,,,,0
2B,0,0,0,0,,,,0,0,0,0,0,0,0,0,0,0,0,,,,0
2C,0,0,0,0,,,,0,0,0,0,0,0,0,0,0,0,0,,,,0
2D,0,0,0,0,,,,0,0,0,0,0,0,0,0,0,0,0,,,,0
2E,0,0,0,0,,,,0,0,0,0,0,0,0,0,0,0,0,,,,0
2F,0,0,0,0,,,,0,0,0,0,0,0,0,0,0,0,0,,,,0
2G,0,0,0,0,,,,0,0,0,0,0,0,0,0,0,0,0,,,,0
2H,0,0,0,0,,,,0,0,0,0,0,0,0,0,0,0,0,,,,0
3A,0,0,0,0,,,,0,0,0,0,0,0,0,0,0,0,0,,,,0
3B,0,0,0,0,,,,0,0,0,0,0,0,0,0,0,0,0,,,,0
3C,0,0,0,0,,,,0,0,0,0,0,0,0,0,0,0,0,,,,0
3D,0,0,0,0,,,,0,0,0,0,0,0,0,0,0,0,0,,,,0
3E,0,0,0,0,,,,0,0,0,0,0,0,0,0,0,0,0,,,,0
3F,0,0,0,0,,,,0,0,0,0,0,0,0,0,0,0,0,,,,0
3G,0,0,0,0,,,,0,0,0,0,0,0,0,0,0,0,0,,,,0
3H,0,0,0,0,,,,0,0,0,0,0,0,0,0,0,0,0,,,,0
4A,0,0,0,0,,,,0,0,0,0,0,0,0,0,0,0,0,,,,0
4B,0,0,0,0,,,,0,0,0,0,0,0,0,0,0,0,0,,,,0
4C,0,0,0,0,,,,0,0,0,0,0,0,0,0,0,0,0,,,,0
4D,0,0,0,0,,,,0,0,0,0,0,0,0,0,0,0,0,,,,0
4E,0,0,0,0,,,,0,0,0,0,0,0,0,0,0,0,0,,,,0
4F,0,0,0,0,,,,0,0,0,0,0,0,0,0,0,0,0,,,,0
4G,0,0,0,0,,,,0,0,0,0,0,0,0,0,0,0,0,,,,0
4H,0,0,0,0,,,,0,0,0,0,0,0,0,0,0,0,0,,,,0
//IFPANEL 4
///NAME Panel 4,Panel 4
1A,0,0,0,0,,,,0,0,0,0,0,0,0,0,0,0,0,,,,0
1B,0,0,0,0,,,,0,0,0,0,0,0,0,0,0,0,0,,,,0
1C,0,0,0,0,,,,0,0,0,0,0,0,0,0,0,0,0,,,,0
1D,0,0,0,0,,,,0,0,0,0,0,0,0,0,0,0,0,,,,0
1E,0,0,0,0,,,,0,0,0,0,0,0,0,0,0,0,0,,,,0
1F,0,0,0,0,,,,0,0,0,0,0,0,0,0,0,0,0,,,,0
1G,0,0,0,0,,,,0,0,0,0,0,0,0,0,0,0,0,,,,0
1H,0,0,0,0,,,,0,0,0,0,0,0,0,0,0,0,0,,,,0
2A,0,0,0,0,,,,0,0,0,0,0,0,0,0,0,0,0,,,,0
2B,0,0,0,0,,,,0,0,0,0,0,0,0,0,0,0,0,,,,0
2C,0,0,0,0,,,,0,0,0,0,0,0,0,0,0,0,0,,,,0
2D,0,0,0,0,,,,0,0,0,0,0,0,0,0,0,0,0,,,,0
2E,0,0,0,0,,,,0,0,0,0,0,0,0,0,0,0,0,,,,0
2F,0,0,0,0,,,,0,0,0,0,0,0,0,0,0,0,0,,,,0
2G,0,0,0,0,,,,0,0,0,0,0,0,0,0,0,0,0,,,,0
2H,0,0,0,0,,,,0,0,0,0,0,0,0,0,0,0,0,,,,0
3A,0,0,0,0,,,,0,0,0,0,0,0,0,0,0,0,0,,,,0
3B,0,0,0,0,,,,0,0,0,0,0,0,0,0,0,0,0,,,,0
3C,0,0,0,0,,,,0,0,0,0,0,0,0,0,0,0,0,,,,0
3D,0,0,0,0,,,,0,0,0,0,0,0,0,0,0,0,0,,,,0
3E,0,0,0,0,,,,0,0,0,0,0,0,0,0,0,0,0,,,,0
3F,0,0,0,0,,,,0,0,0,0,0,0,0,0,0,0,0,,,,0
3G,0,0,0,0,,,,0,0,0,0,0,0,0,0,0,0,0,,,,0
3H,0,0,0,0,,,,0,0,0,0,0,0,0,0,0,0,0,,,,0
4A,0,0,0,0,,,,0,0,0,0,0,0,0,0,0,0,0,,,,0
4B,0,0,0,0,,,,0,0,0,0,0,0,0,0,0,0,0,,,,0
4C,0,0,0,0,,,,0,0,0,0,0,0,0,0,0,0,0,,,,0
4D,0,0,0,0,,,,0,0,0,0,0,0,0,0,0,0,0,,,,0
4E,0,0,0,0,,,,0,0,0,0,0,0,0,0,0,0,0,,,,0
4F,0,0,0,0,,,,0,0,0,0,0,0,0,0,0,0,0,,,,0
4G,0,0,0,0,,,,0,0,0,0,0,0,0,0,0,0,0,,,,0
4H,0,0,0,0,,,,0,0,0,0,0,0,0,0,0,0,0,,,,0
//IFPANEL 5
///NAME Panel 5,Panel 5
1A,0,0,0,0,,,,0,0,0,0,0,0,0,0,0,0,0,,,,0
1B,0,0,0,0,,,,0,0,0,0,0,0,0,0,0,0,0,,,,0
1C,0,0,0,0,,,,0,0,0,0,0,0,0,0,0,0,0,,,,0
1D,0,0,0,0,,,,0,0,0,0,0,0,0,0,0,0,0,,,,0
1E,0,0,0,0,,,,0,0,0,0,0,0,0,0,0,0,0,,,,0
1F,0,0,0,0,,,,0,0,0,0,0,0,0,0,0,0,0,,,,0
1G,0,0,0,0,,,,0,0,0,0,0,0,0,0,0,0,0,,,,0
1H,0,0,0,0,,,,0,0,0,0,0,0,0,0,0,0,0,,,,0
2A,0,0,0,0,,,,0,0,0,0,0,0,0,0,0,0,0,,,,0
2B,0,0,0,0,,,,0,0,0,0,0,0,0,0,0,0,0,,,,0
2C,0,0,0,0,,,,0,0,0,0,0,0,0,0,0,0,0,,,,0
2D,0,0,0,0,,,,0,0,0,0,0,0,0,0,0,0,0,,,,0
2E,0,0,0,0,,,,0,0,0,0,0,0,0,0,0,0,0,,,,0
2F,0,0,0,0,,,,0,0,0,0,0,0,0,0,0,0,0,,,,0
2G,0,0,0,0,,,,0,0,0,0,0,0,0,0,0,0,0,,,,0
2H,0,0,0,0,,,,0,0,0,0,0,0,0,0,0,0,0,,,,0
3A,0,0,0,0,,,,0,0,0,0,0,0,0,0,0,0,0,,,,0
3B,0,0,0,0,,,,0,0,0,0,0,0,0,0,0,0,0,,,,0
3C,0,0,0,0,,,,0,0,0,0,0,0,0,0,0,0,0,,,,0
3D,0,0,0,0,,,,0,0,0,0,0,0,0,0,0,0,0,,,,0
3E,0,0,0,0,,,,0,0,0,0,0,0,0,0,0,0,0,,,,0
3F,0,0,0,0,,,,0,0,0,0,0,0,0,0,0,0,0,,,,0
3G,0,0,0,0,,,,0,0,0,0,0,0,0,0,0,0,0,,,,0
3H,0,0,0,0,,,,0,0,0,0,0,0,0,0,0,0,0,,,,0
4A,0,0,0,0,,,,0,0,0,0,0,0,0,0,0,0,0,,,,0
4B,0,0,0,0,,,,0,0,0,0,0,0,0,0,0,0,0,,,,0
4C,0,0,0,0,,,,0,0,0,0,0,0,0,0,0,0,0,,,,0
4D,0,0,0,0,,,,0,0,0,0,0,0,0,0,0,0,0,,,,0
4E,0,0,0,0,,,,0,0,0,0,0,0,0,0,0,0,0,,,,0
4F,0,0,0,0,,,,0,0,0,0,0,0,0,0,0,0,0,,,,0
4G,0,0,0,0,,,,0,0,0,0,0,0,0,0,0,0,0,,,,0
4H,0,0,0,0,,,,0,0,0,0,0,0,0,0,0,0,0,,,,0
//IFPANEL 6
///NAME Panel 6,Panel 6
1A,0,0,0,0,,,,0,0,0,0,0,0,0,0,0,0,0,,,,0
1B,0,0,0,0,,,,0,0,0,0,0,0,0,0,0,0,0,,,,0
1C,0,0,0,0,,,,0,0,0,0,0,0,0,0,0,0,0,,,,0
1D,0,0,0,0,,,,0,0,0,0,0,0,0,0,0,0,0,,,,0
1E,0,0,0,0,,,,0,0,0,0,0,0,0,0,0,0,0,,,,0
1F,0,0,0,0,,,,0,0,0,0,0,0,0,0,0,0,0,,,,0
1G,0,0,0,0,,,,0,0,0,0,0,0,0,0,0,0,0,,,,0
1H,0,0,0,0,,,,0,0,0,0,0,0,0,0,0,0,0,,,,0
2A,0,0,0,0,,,,0,0,0,0,0,0,0,0,0,0,0,,,,0
2B,0,0,0,0,,,,0,0,0,0,0,0,0,0,0,0,0,,,,0
2C,0,0,0,0,,,,0,0,0,0,0,0,0,0,0,0,0,,,,0
2D,0,0,0,0,,,,0,0,0,0,0,0,0,0,0,0,0,,,,0
2E,0,0,0,0,,,,0,0,0,0,0,0,0,0,0,0,0,,,,0
2F,0,0,0,0,,,,0,0,0,0,0,0,0,0,0,0,0,,,,0
2G,0,0,0,0,,,,0,0,0,0,0,0,0,0,0,0,0,,,,0
2H,0,0,0,0,,,,0,0,0,0,0,0,0,0,0,0,0,,,,0
3A,0,0,0,0,,,,0,0,0,0,0,0,0,0,0,0,0,,,,0
3B,0,0,0,0,,,,0,0,0,0,0,0,0,0,0,0,0,,,,0
3C,0,0,0,0,,,,0,0,0,0,0,0,0,0,0,0,0,,,,0
3D,0,0,0,0,,,,0,0,0,0,0,0,0,0,0,0,0,,,,0
3E,0,0,0,0,,,,0,0,0,0,0,0,0,0,0,0,0,,,,0
3F,0,0,0,0,,,,0,0,0,0,0,0,0,0,0,0,0,,,,0
3G,0,0,0,0,,,,0,0,0,0,0,0,0,0,0,0,0,,,,0
3H,0,0,0,0,,,,0,0,0,0,0,0,0,0,0,0,0,,,,0
4A,0,0,0,0,,,,0,0,0,0,0,0,0,0,0,0,0,,,,0
4B,0,0,0,0,,,,0,0,0,0,0,0,0,0,0,0,0,,,,0
4C,0,0,0,0,,,,0,0,0,0,0,0,0,0,0,0,0,,,,0
4D,0,0,0,0,,,,0,0,0,0,0,0,0,0,0,0,0,,,,0
4E,0,0,0,0,,,,0,0,0,0,0,0,0,0,0,0,0,,,,0
4F,0,0,0,0,,,,0,0,0,0,0,0,0,0,0,0,0,,,,0
4G,0,0,0,0,,,,0,0,0,0,0,0,0,0,0,0,0,,,,0
4H,0,0,0,0,,,,0,0,0,0,0,0,0,0,0,0,0,,,,0
//IFPANEL 7
///NAME Panel 7,Panel 7
1A,0,0,0,0,,,,0,0,0,0,0,0,0,0,0,0,0,,,,0
1B,0,0,0,0,,,,0,0,0,0,0,0,0,0,0,0,0,,,,0
1C,0,0,0,0,,,,0,0,0,0,0,0,0,0,0,0,0,,,,0
1D,0,0,0,0,,,,0,0,0,0,0,0,0,0,0,0,0,,,,0
1E,0,0,0,0,,,,0,0,0,0,0,0,0,0,0,0,0,,,,0
1F,0,0,0,0,,,,0,0,0,0,0,0,0,0,0,0,0,,,,0
1G,0,0,0,0,,,,0,0,0,0,0,0,0,0,0,0,0,,,,0
1H,0,0,0,0,,,,0,0,0,0,0,0,0,0,0,0,0,,,,0
2A,0,0,0,0,,,,0,0,0,0,0,0,0,0,0,0,0,,,,0
2B,0,0,0,0,,,,0,0,0,0,0,0,0,0,0,0,0,,,,0
2C,0,0,0,0,,,,0,0,0,0,0,0,0,0,0,0,0,,,,0
2D,0,0,0,0,,,,0,0,0,0,0,0,0,0,0,0,0,,,,0
2E,0,0,0,0,,,,0,0,0,0,0,0,0,0,0,0,0,,,,0
2F,0,0,0,0,,,,0,0,0,0,0,0,0,0,0,0,0,,,,0
2G,0,0,0,0,,,,0,0,0,0,0,0,0,0,0,0,0,,,,0
2H,0,0,0,0,,,,0,0,0,0,0,0,0,0,0,0,0,,,,0
3A,0,0,0,0,,,,0,0,0,0,0,0,0,0,0,0,0,,,,0
3B,0,0,0,0,,,,0,0,0,0,0,0,0,0,0,0,0,,,,0
3C,0,0,0,0,,,,0,0,0,0,0,0,0,0,0,0,0,,,,0
3D,0,0,0,0,,,,0,0,0,0,0,0,0,0,0,0,0,,,,0
3E,0,0,0,0,,,,0,0,0,0,0,0,0,0,0,0,0,,,,0
3F,0,0,0,0,,,,0,0,0,0,0,0,0,0,0,0,0,,,,0
3G,0,0,0,0,,,,0,0,0,0,0,0,0,0,0,0,0,,,,0
3H,0,0,0,0,,,,0,0,0,0,0,0,0,0,0,0,0,,,,0
4A,0,0,0,0,,,,0,0,0,0,0,0,0,0,0,0,0,,,,0
4B,0,0,0,0,,,,0,0,0,0,0,0,0,0,0,0,0,,,,0
4C,0,0,0,0,,,,0,0,0,0,0,0,0,0,0,0,0,,,,0
4D,0,0,0,0,,,,0,0,0,0,0,0,0,0,0,0,0,,,,0
4E,0,0,0,0,,,,0,0,0,0,0,0,0,0,0,0,0,,,,0
4F,0,0,0,0,,,,0,0,0,0,0,0,0,0,0,0,0,,,,0
4G,0,0,0,0,,,,0,0,0,0,0,0,0,0,0,0,0,,,,0
4H,0,0,0,0,,,,0,0,0,0,0,0,0,0,0,0,0,,,,0
//IFPANEL 8
///NAME Panel 8,Panel 8
1A,0,0,0,0,,,,0,0,0,0,0,0,0,0,0,0,0,,,,0
1B,0,0,0,0,,,,0,0,0,0,0,0,0,0,0,0,0,,,,0
1C,0,0,0,0,,,,0,0,0,0,0,0,0,0,0,0,0,,,,0
1D,0,0,0,0,,,,0,0,0,0,0,0,0,0,0,0,0,,,,0
1E,0,0,0,0,,,,0,0,0,0,0,0,0,0,0,0,0,,,,0
1F,0,0,0,0,,,,0,0,0,0,0,0,0,0,0,0,0,,,,0
1G,0,0,0,0,,,,0,0,0,0,0,0,0,0,0,0,0,,,,0
1H,0,0,0,0,,,,0,0,0,0,0,0,0,0,0,0,0,,,,0
2A,0,0,0,0,,,,0,0,0,0,0,0,0,0,0,0,0,,,,0
2B,0,0,0,0,,,,0,0,0,0,0,0,0,0,0,0,0,,,,0
2C,0,0,0,0,,,,0,0,0,0,0,0,0,0,0,0,0,,,,0
2D,0,0,0,0,,,,0,0,0,0,0,0,0,0,0,0,0,,,,0
2E,0,0,0,0,,,,0,0,0,0,0,0,0,0,0,0,0,,,,0
2F,0,0,0,0,,,,0,0,0,0,0,0,0,0,0,0,0,,,,0
2G,0,0,0,0,,,,0,0,0,0,0,0,0,0,0,0,0,,,,0
2H,0,0,0,0,,,,0,0,0,0,0,0,0,0,0,0,0,,,,0
3A,0,0,0,0,,,,0,0,0,0,0,0,0,0,0,0,0,,,,0
3B,0,0,0,0,,,,0,0,0,0,0,0,0,0,0,0,0,,,,0
3C,0,0,0,0,,,,0,0,0,0,0,0,0,0,0,0,0,,,,0
3D,0,0,0,0,,,,0,0,0,0,0,0,0,0,0,0,0,,,,0
3E,0,0,0,0,,,,0,0,0,0,0,0,0,0,0,0,0,,,,0
3F,0,0,0,0,,,,0,0,0,0,0,0,0,0,0,0,0,,,,0
3G,0,0,0,0,,,,0,0,0,0,0,0,0,0,0,0,0,,,,0
3H,0,0,0,0,,,,0,0,0,0,0,0,0,0,0,0,0,,,,0
4A,0,0,0,0,,,,0,0,0,0,0,0,0,0,0,0,0,,,,0
4B,0,0,0,0,,,,0,0,0,0,0,0,0,0,0,0,0,,,,0
4C,0,0,0,0,,,,0,0,0,0,0,0,0,0,0,0,0,,,,0
4D,0,0,0,0,,,,0,0,0,0,0,0,0,0,0,0,0,,,,0
4E,0,0,0,0,,,,0,0,0,0,0,0,0,0,0,0,0,,,,0
4F,0,0,0,0,,,,0,0,0,0,0,0,0,0,0,0,0,,,,0
4G,0,0,0,0,,,,0,0,0,0,0,0,0,0,0,0,0,,,,0
4H,0,0,0,0,,,,0,0,0,0,0,0,0,0,0,0,0,,,,0
//IFPANEL 9
///NAME Panel 9,Panel 9
1A,0,0,0,0,,,,0,0,0,0,0,0,0,0,0,0,0,,,,0
1B,0,0,0,0,,,,0,0,0,0,0,0,0,0,0,0,0,,,,0
1C,0,0,0,0,,,,0,0,0,0,0,0,0,0,0,0,0,,,,0
1D,0,0,0,0,,,,0,0,0,0,0,0,0,0,0,0,0,,,,0
1E,0,0,0,0,,,,0,0,0,0,0,0,0,0,0,0,0,,,,0
1F,0,0,0,0,,,,0,0,0,0,0,0,0,0,0,0,0,,,,0
1G,0,0,0,0,,,,0,0,0,0,0,0,0,0,0,0,0,,,,0
1H,0,0,0,0,,,,0,0,0,0,0,0,0,0,0,0,0,,,,0
2A,0,0,0,0,,,,0,0,0,0,0,0,0,0,0,0,0,,,,0
2B,0,0,0,0,,,,0,0,0,0,0,0,0,0,0,0,0,,,,0
2C,0,0,0,0,,,,0,0,0,0,0,0,0,0,0,0,0,,,,0
2D,0,0,0,0,,,,0,0,0,0,0,0,0,0,0,0,0,,,,0
2E,0,0,0,0,,,,0,0,0,0,0,0,0,0,0,0,0,,,,0
2F,0,0,0,0,,,,0,0,0,0,0,0,0,0,0,0,0,,,,0
2G,0,0,0,0,,,,0,0,0,0,0,0,0,0,0,0,0,,,,0
2H,0,0,0,0,,,,0,0,0,0,0,0,0,0,0,0,0,,,,0
3A,0,0,0,0,,,,0,0,0,0,0,0,0,0,0,0,0,,,,0
3B,0,0,0,0,,,,0,0,0,0,0,0,0,0,0,0,0,,,,0
3C,0,0,0,0,,,,0,0,0,0,0,0,0,0,0,0,0,,,,0
3D,0,0,0,0,,,,0,0,0,0,0,0,0,0,0,0,0,,,,0
3E,0,0,0,0,,,,0,0,0,0,0,0,0,0,0,0,0,,,,0
3F,0,0,0,0,,,,0,0,0,0,0,0,0,0,0,0,0,,,,0
3G,0,0,0,0,,,,0,0,0,0,0,0,0,0,0,0,0,,,,0
3H,0,0,0,0,,,,0,0,0,0,0,0,0,0,0,0,0,,,,0
4A,0,0,0,0,,,,0,0,0,0,0,0,0,0,0,0,0,,,,0
4B,0,0,0,0,,,,0,0,0,0,0,0,0,0,0,0,0,,,,0
4C,0,0,0,0,,,,0,0,0,0,0,0,0,0,0,0,0,,,,0
4D,0,0,0,0,,,,0,0,0,0,0,0,0,0,0,0,0,,,,0
4E,0,0,0,0,,,,0,0,0,0,0,0,0,0,0,0,0,,,,0
4F,0,0,0,0,,,,0,0,0,0,0,0,0,0,0,0,0,,,,0
4G,0,0,0,0,,,,0,0,0,0,0,0,0,0,0,0,0,,,,0
4H,0,0,0,0,,,,0,0,0,0,0,0,0,0,0,0,0,,,,0
//IFPANEL 10
///NAME Panel 10,Panel 10
1A,0,0,0,0,,,,0,0,0,0,0,0,0,0,0,0,0,,,,0
1B,0,0,0,0,,,,0,0,0,0,0,0,0,0,0,0,0,,,,0
1C,0,0,0,0,,,,0,0,0,0,0,0,0,0,0,0,0,,,,0
1D,0,0,0,0,,,,0,0,0,0,0,0,0,0,0,0,0,,,,0
1E,0,0,0,0,,,,0,0,0,0,0,0,0,0,0,0,0,,,,0
1F,0,0,0,0,,,,0,0,0,0,0,0,0,0,0,0,0,,,,0
1G,0,0,0,0,,,,0,0,0,0,0,0,0,0,0,0,0,,,,0
1H,0,0,0,0,,,,0,0,0,0,0,0,0,0,0,0,0,,,,0
2A,0,0,0,0,,,,0,0,0,0,0,0,0,0,0,0,0,,,,0
2B,0,0,0,0,,,,0,0,0,0,0,0,0,0,0,0,0,,,,0
2C,0,0,0,0,,,,0,0,0,0,0,0,0,0,0,0,0,,,,0
2D,0,0,0,0,,,,0,0,0,0,0,0,0,0,0,0,0,,,,0
2E,0,0,0,0,,,,0,0,0,0,0,0,0,0,0,0,0,,,,0
2F,0,0,0,0,,,,0,0,0,0,0,0,0,0,0,0,0,,,,0
2G,0,0,0,0,,,,0,0,0,0,0,0,0,0,0,0,0,,,,0
2H,0,0,0,0,,,,0,0,0,0,0,0,0,0,0,0,0,,,,0
3A,0,0,0,0,,,,0,0,0,0,0,0,0,0,0,0,0,,,,0
3B,0,0,0,0,,,,0,0,0,0,0,0,0,0,0,0,0,,,,0
3C,0,0,0,0,,,,0,0,0,0,0,0,0,0,0,0,0,,,,0
3D,0,0,0,0,,,,0,0,0,0,0,0,0,0,0,0,0,,,,0
3E,0,0,0,0,,,,0,0,0,0,0,0,0,0,0,0,0,,,,0
3F,0,0,0,0,,,,0,0,0,0,0,0,0,0,0,0,0,,,,0
3G,0,0,0,0,,,,0,0,0,0,0,0,0,0,0,0,0,,,,0
3H,0,0,0,0,,,,0,0,0,0,0,0,0,0,0,0,0,,,,0
4A,0,0,0,0,,,,0,0,0,0,0,0,0,0,0,0,0,,,,0
4B,0,0,0,0,,,,0,0,0,0,0,0,0,0,0,0,0,,,,0
4C,0,0,0,0,,,,0,0,0,0,0,0,0,0,0,0,0,,,,0
4D,0,0,0,0,,,,0,0,0,0,0,0,0,0,0,0,0,,,,0
4E,0,0,0,0,,,,0,0,0,0,0,0,0,0,0,0,0,,,,0
4F,0,0,0,0,,,,0,0,0,0,0,0,0,0,0,0,0,,,,0
4G,0,0,0,0,,,,0,0,0,0,0,0,0,0,0,0,0,,,,0
4H,0,0,0,0,,,,0,0,0,0,0,0,0,0,0,0,0,,,,0
