//INTJOB 1
0,0
0,
0,
0,
0,
0,
0,
0,
0,
//INTJOB 2
0,0
0,
0,
0,
0,
0,
0,
0,
0,
//INTJOB 3
0,0
0,
0,
0,
0,
0,
0,
0,
0,
//INTJOB 4
0,0
0,
0,
0,
0,
0,
0,
0,
0,
//INTJOB 5
0,0
0,
0,
0,
0,
0,
0,
0,
0,
//INTJOB 6
0,0
0,
0,
0,
0,
0,
0,
0,
0,
//INTJOB 7
0,0
0,
0,
0,
0,
0,
0,
0,
0,
//INTJOB 8
0,0
0,
0,
0,
0,
0,
0,
0,
0,
//INTJOB 9
0,0
0,
0,
0,
0,
0,
0,
0,
0,
//INTJOB 10
0,0
0,
0,
0,
0,
0,
0,
0,
0,
//INTJOB 11
0,0
0,
0,
0,
0,
0,
0,
0,
0,
//INTJOB 12
0,0
0,
0,
0,
0,
0,
0,
0,
0,
//INTJOB 13
0,0
0,
0,
0,
0,
0,
0,
0,
0,
//INTJOB 14
0,0
0,
0,
0,
0,
0,
0,
0,
0,
//INTJOB 15
0,0
0,
0,
0,
0,
0,
0,
0,
0,
//INTJOB 16
0,0
0,
0,
0,
0,
0,
0,
0,
0,
