//RBCALIB 1
///MTOOL 0
///MGROUP 1,1,0,0,0,0,0,0,0,0,0,0,0,0,0,0,0,0,0,0,0,0,0,0,0,0,0,0,0,0,0,0
///MPULSE
////MRBC1 C0000=-123823,140126,61528,48469,159517,67281
////MBSC1 B0000=272120
////MRBC2 C0001=-124576,56556,26387,107710,141793,196
////MBSC2 B0001=272120
////MRBC3 C0002=-124282,78662,65982,115755,158841,-15245
////MBSC3 B0002=272120
///STOOL 0
///SGROUP 0,0,1,0,0,0,0,0,0,0,0,0,0,0,0,0,0,0,0,0,0,0,0,0,0,0,0,0,0,0,0,0
///SPULSE
////SSTC1 E0000=778290
////SSTC2 E0001=-375634
////SSTC3 E0002=-577816
////SRANG 1821.397,-1816.303,333.218,-90.2500,0.0000,90.0500
//RBCALIB 2
///MTOOL 0
///MGROUP 1,1,0,0,0,0,0,0,0,0,0,0,0,0,0,0,0,0,0,0,0,0,0,0,0,0,0,0,0,0,0,0
///MPULSE
////MRBC1 C0000=103678,128158,36265,-157132,-9804,41982
////MBSC1 B0000=229358
////MRBC2 C0001=99196,47683,-12471,-136328,51583,34190
////MBSC2 B0001=229358
////MRBC3 C0002=102473,74508,67247,-8181,25267,-38748
////MBSC3 B0002=229358
///STOOL 0
///SGROUP 0,0,0,1,0,0,0,0,0,0,0,0,0,0,0,0,0,0,0,0,0,0,0,0,0,0,0,0,0,0,0,0
///SPULSE
////SSTC1 E0000=641515
////SSTC2 E0001=-48509
////SSTC3 E0002=-596390
////SRANG 1775.688,1810.000,323.000,-90.0700,0.0000,-89.8200
