//WELDER 1
///NAME 1,MOTOWELD-E Series 350A class
1
0
1.2,0,15,0.1,0.60
///COMMENT COMBINATION GAS AND WIRE
0,1.00
0.00,1.35,2.70,10.80,12.15,13.50,0.00,0.00
30,62,94,286,318,350,0,0
0,1.00
0.00,7.20,7.50,7.80,14.00,0.00,0.00,0.00
50,99,100,101,150,0,0,0
//WELDER 2
///NAME 1,MOTOWELD-E Series 350A class
1
0
1.2,0,15,0.1,0.60
///COMMENT COMBINATION GAS AND WIRE
0,1.00
0.00,1.35,2.70,10.80,12.15,13.50,0.00,0.00
30,62,94,286,318,350,0,0
0,1.00
0.00,7.20,7.50,7.80,14.00,0.00,0.00,0.00
50,99,100,101,150,0,0,0
//WELDER 3
///NAME 1,MOTOWELD-E Series 350A class
1
0
1.2,0,15,0.1,0.60
///COMMENT COMBINATION GAS AND WIRE
0,1.00
0.00,1.35,2.70,10.80,12.15,13.50,0.00,0.00
30,62,94,286,318,350,0,0
0,1.00
0.00,7.20,7.50,7.80,14.00,0.00,0.00,0.00
50,99,100,101,150,0,0,0
//WELDER 4
///NAME 1,MOTOWELD-E Series 350A class
1
0
1.2,0,15,0.1,0.60
///COMMENT COMBINATION GAS AND WIRE
0,1.00
0.00,1.35,2.70,10.80,12.15,13.50,0.00,0.00
30,62,94,286,318,350,0,0
0,1.00
0.00,7.20,7.50,7.80,14.00,0.00,0.00,0.00
50,99,100,101,150,0,0,0
//WELDER 5
///NAME 1,MOTOWELD-E Series 350A class
1
0
1.2,0,15,0.1,0.60
///COMMENT COMBINATION GAS AND WIRE
0,1.00
0.00,1.35,2.70,10.80,12.15,13.50,0.00,0.00
30,62,94,286,318,350,0,0
0,1.00
0.00,7.20,7.50,7.80,14.00,0.00,0.00,0.00
50,99,100,101,150,0,0,0
//WELDER 6
///NAME 1,MOTOWELD-E Series 350A class
1
0
1.2,0,15,0.1,0.60
///COMMENT COMBINATION GAS AND WIRE
0,1.00
0.00,1.35,2.70,10.80,12.15,13.50,0.00,0.00
30,62,94,286,318,350,0,0
0,1.00
0.00,7.20,7.50,7.80,14.00,0.00,0.00,0.00
50,99,100,101,150,0,0,0
//WELDER 7
///NAME 1,MOTOWELD-E Series 350A class
1
0
1.2,0,15,0.1,0.60
///COMMENT COMBINATION GAS AND WIRE
0,1.00
0.00,1.35,2.70,10.80,12.15,13.50,0.00,0.00
30,62,94,286,318,350,0,0
0,1.00
0.00,7.20,7.50,7.80,14.00,0.00,0.00,0.00
50,99,100,101,150,0,0,0
//WELDER 8
///NAME 1,MOTOWELD-E Series 350A class
1
0
1.2,0,15,0.1,0.60
///COMMENT COMBINATION GAS AND WIRE
0,1.00
0.00,1.35,2.70,10.80,12.15,13.50,0.00,0.00
30,62,94,286,318,350,0,0
0,1.00
0.00,7.20,7.50,7.80,14.00,0.00,0.00,0.00
50,99,100,101,150,0,0,0
