//WELDUDEF 1
///NAME 1,USER-1
1
0
1.2,0,15,0.3,1.50
///COMMENT
0,1.00
0.50,2.50,5.00,6.50,8.80,9.50,10.50,11.00
70,110,150,190,250,290,330,350
0,1.00
4.00,5.00,6.00,7.00,8.00,9.00,10.00,11.00
89,92,95,98,100,102,105,109
//WELDUDEF 2
///NAME 2,USER-2
1
0
1.2,1,15,0.3,1.50
///COMMENT
0,1.00
0.50,3.00,4.70,6.40,7.50,8.60,9.50,10.50
65,115,160,200,235,275,310,350
0,1.00
4.00,5.00,6.00,7.00,8.00,9.00,10.00,11.00
85,88,91,94,100,103,106,112
//WELDUDEF 3
///NAME 3,USER-3
1
1
1.2,0,15,0.3,1.50
///COMMENT
0,1.00
0.50,2.50,5.00,6.50,8.80,9.50,10.50,11.00
70,110,150,190,250,290,330,350
0,1.00
2.00,3.10,4.90,7.00,10.70,0.00,0.00,0.00
18.0,20.0,23.0,26.5,33.0,0.0,0.0,0.0
//WELDUDEF 4
///NAME 4,USER-4
1
1
1.2,1,15,0.3,1.50
///COMMENT
0,1.00
0.50,3.00,4.70,6.40,7.50,8.60,9.50,10.50
65,115,160,200,235,275,310,350
0,1.00
1.20,2.00,3.60,6.30,10.00,0.00,0.00,0.00
16.0,18.0,21.0,26.0,32.5,0.0,0.0,0.0
//WELDUDEF 5
///NAME 1,USER-5
1
0
1.2,0,15,0.3,1.50
///COMMENT
0,1.00
0.50,2.50,5.00,6.50,8.80,9.50,10.50,11.00
70,110,150,190,250,290,330,350
0,1.00
4.00,5.00,6.00,7.00,8.00,9.00,10.00,11.00
89,92,95,98,100,102,105,109
//WELDUDEF 6
///NAME 2,USER-6
1
0
1.2,1,15,0.3,1.50
///COMMENT
0,1.00
0.50,3.00,4.70,6.40,7.50,8.60,9.50,10.50
65,115,160,200,235,275,310,350
0,1.00
4.00,5.00,6.00,7.00,8.00,9.00,10.00,11.00
85,88,91,94,100,103,106,112
//WELDUDEF 7
///NAME 3,USER-7
1
1
1.2,0,15,0.3,1.50
///COMMENT
0,1.00
0.50,2.50,5.00,6.50,8.80,9.50,10.50,11.00
70,110,150,190,250,290,330,350
0,1.00
2.00,3.10,4.90,7.00,10.70,0.00,0.00,0.00
18.0,20.0,23.0,26.5,33.0,0.0,0.0,0.0
//WELDUDEF 8
///NAME 4,USER-8
1
1
1.2,1,15,0.3,1.50
///COMMENT
0,1.00
0.50,3.00,4.70,6.40,7.50,8.60,9.50,10.50
65,115,160,200,235,275,310,350
0,1.00
1.20,2.00,3.60,6.30,10.00,0.00,0.00,0.00
16.0,18.0,21.0,26.0,32.5,0.0,0.0,0.0
//WELDUDEF 9
///NAME 1,USER-9
1
0
1.2,0,15,0.3,1.50
///COMMENT
0,1.00
0.50,2.50,5.00,6.50,8.80,9.50,10.50,11.00
70,110,150,190,250,290,330,350
0,1.00
4.00,5.00,6.00,7.00,8.00,9.00,10.00,11.00
89,92,95,98,100,102,105,109
//WELDUDEF 10
///NAME 1,USER-10
1
0
1.2,0,15,0.3,1.50
///COMMENT
0,1.00
0.50,2.50,5.00,6.50,8.80,9.50,10.50,11.00
70,110,150,190,250,290,330,350
0,1.00
4.00,5.00,6.00,7.00,8.00,9.00,10.00,11.00
89,92,95,98,100,102,105,109
//WELDUDEF 11
///NAME 1,USER-11
1
0
1.2,0,15,0.3,1.50
///COMMENT
0,1.00
0.50,2.50,5.00,6.50,8.80,9.50,10.50,11.00
70,110,150,190,250,290,330,350
0,1.00
4.00,5.00,6.00,7.00,8.00,9.00,10.00,11.00
89,92,95,98,100,102,105,109
//WELDUDEF 12
///NAME 1,USER-12
1
0
1.2,0,15,0.3,1.50
///COMMENT
0,1.00
0.50,2.50,5.00,6.50,8.80,9.50,10.50,11.00
70,110,150,190,250,290,330,350
0,1.00
4.00,5.00,6.00,7.00,8.00,9.00,10.00,11.00
89,92,95,98,100,102,105,109
//WELDUDEF 13
///NAME 1,USER-13
1
0
1.2,0,15,0.3,1.50
///COMMENT
0,1.00
0.50,2.50,5.00,6.50,8.80,9.50,10.50,11.00
70,110,150,190,250,290,330,350
0,1.00
4.00,5.00,6.00,7.00,8.00,9.00,10.00,11.00
89,92,95,98,100,102,105,109
//WELDUDEF 14
///NAME 1,USER-14
1
0
1.2,0,15,0.3,1.50
///COMMENT
0,1.00
0.50,2.50,5.00,6.50,8.80,9.50,10.50,11.00
70,110,150,190,250,290,330,350
0,1.00
4.00,5.00,6.00,7.00,8.00,9.00,10.00,11.00
89,92,95,98,100,102,105,109
//WELDUDEF 15
///NAME 1,USER-15
1
0
1.2,0,15,0.3,1.50
///COMMENT
0,1.00
0.50,2.50,5.00,6.50,8.80,9.50,10.50,11.00
70,110,150,190,250,290,330,350
0,1.00
4.00,5.00,6.00,7.00,8.00,9.00,10.00,11.00
89,92,95,98,100,102,105,109
//WELDUDEF 16
///NAME 1,USER-16
1
0
1.2,0,15,0.3,1.50
///COMMENT
0,1.00
0.50,2.50,5.00,6.50,8.80,9.50,10.50,11.00
70,110,150,190,250,290,330,350
0,1.00
4.00,5.00,6.00,7.00,8.00,9.00,10.00,11.00
89,92,95,98,100,102,105,109
//WELDUDEF 17
///NAME 1,USER-17
1
0
1.2,0,15,0.3,1.50
///COMMENT
0,1.00
0.50,2.50,5.00,6.50,8.80,9.50,10.50,11.00
70,110,150,190,250,290,330,350
0,1.00
4.00,5.00,6.00,7.00,8.00,9.00,10.00,11.00
89,92,95,98,100,102,105,109
//WELDUDEF 18
///NAME 1,USER-18
1
0
1.2,0,15,0.3,1.50
///COMMENT
0,1.00
0.50,2.50,5.00,6.50,8.80,9.50,10.50,11.00
70,110,150,190,250,290,330,350
0,1.00
4.00,5.00,6.00,7.00,8.00,9.00,10.00,11.00
89,92,95,98,100,102,105,109
//WELDUDEF 19
///NAME 1,USER-19
1
0
1.2,0,15,0.3,1.50
///COMMENT
0,1.00
0.50,2.50,5.00,6.50,8.80,9.50,10.50,11.00
70,110,150,190,250,290,330,350
0,1.00
4.00,5.00,6.00,7.00,8.00,9.00,10.00,11.00
89,92,95,98,100,102,105,109
//WELDUDEF 20
///NAME 1,USER-20
1
0
1.2,0,15,0.3,1.50
///COMMENT
0,1.00
0.50,2.50,5.00,6.50,8.80,9.50,10.50,11.00
70,110,150,190,250,290,330,350
0,1.00
4.00,5.00,6.00,7.00,8.00,9.00,10.00,11.00
89,92,95,98,100,102,105,109
//WELDUDEF 21
///NAME 1,USER-21
1
0
1.2,0,15,0.3,1.50
///COMMENT
0,1.00
0.50,2.50,5.00,6.50,8.80,9.50,10.50,11.00
70,110,150,190,250,290,330,350
0,1.00
4.00,5.00,6.00,7.00,8.00,9.00,10.00,11.00
89,92,95,98,100,102,105,109
//WELDUDEF 22
///NAME 1,USER-22
1
0
1.2,0,15,0.3,1.50
///COMMENT
0,1.00
0.50,2.50,5.00,6.50,8.80,9.50,10.50,11.00
70,110,150,190,250,290,330,350
0,1.00
4.00,5.00,6.00,7.00,8.00,9.00,10.00,11.00
89,92,95,98,100,102,105,109
//WELDUDEF 23
///NAME 1,USER-23
1
0
1.2,0,15,0.3,1.50
///COMMENT
0,1.00
0.50,2.50,5.00,6.50,8.80,9.50,10.50,11.00
70,110,150,190,250,290,330,350
0,1.00
4.00,5.00,6.00,7.00,8.00,9.00,10.00,11.00
89,92,95,98,100,102,105,109
//WELDUDEF 24
///NAME 1,USER-24
1
0
1.2,0,15,0.3,1.50
///COMMENT
0,1.00
0.50,2.50,5.00,6.50,8.80,9.50,10.50,11.00
70,110,150,190,250,290,330,350
0,1.00
4.00,5.00,6.00,7.00,8.00,9.00,10.00,11.00
89,92,95,98,100,102,105,109
//WELDUDEF 25
///NAME 1,USER-25
1
0
1.2,0,15,0.3,1.50
///COMMENT
0,1.00
0.50,2.50,5.00,6.50,8.80,9.50,10.50,11.00
70,110,150,190,250,290,330,350
0,1.00
4.00,5.00,6.00,7.00,8.00,9.00,10.00,11.00
89,92,95,98,100,102,105,109
//WELDUDEF 26
///NAME 1,USER-26
1
0
1.2,0,15,0.3,1.50
///COMMENT
0,1.00
0.50,2.50,5.00,6.50,8.80,9.50,10.50,11.00
70,110,150,190,250,290,330,350
0,1.00
4.00,5.00,6.00,7.00,8.00,9.00,10.00,11.00
89,92,95,98,100,102,105,109
//WELDUDEF 27
///NAME 1,USER-27
1
0
1.2,0,15,0.3,1.50
///COMMENT
0,1.00
0.50,2.50,5.00,6.50,8.80,9.50,10.50,11.00
70,110,150,190,250,290,330,350
0,1.00
4.00,5.00,6.00,7.00,8.00,9.00,10.00,11.00
89,92,95,98,100,102,105,109
//WELDUDEF 28
///NAME 1,USER-28
1
0
1.2,0,15,0.3,1.50
///COMMENT
0,1.00
0.50,2.50,5.00,6.50,8.80,9.50,10.50,11.00
70,110,150,190,250,290,330,350
0,1.00
4.00,5.00,6.00,7.00,8.00,9.00,10.00,11.00
89,92,95,98,100,102,105,109
//WELDUDEF 29
///NAME 1,USER-29
1
0
1.2,0,15,0.3,1.50
///COMMENT
0,1.00
0.50,2.50,5.00,6.50,8.80,9.50,10.50,11.00
70,110,150,190,250,290,330,350
0,1.00
4.00,5.00,6.00,7.00,8.00,9.00,10.00,11.00
89,92,95,98,100,102,105,109
//WELDUDEF 30
///NAME 1,USER-30
1
0
1.2,0,15,0.3,1.50
///COMMENT
0,1.00
0.50,2.50,5.00,6.50,8.80,9.50,10.50,11.00
70,110,150,190,250,290,330,350
0,1.00
4.00,5.00,6.00,7.00,8.00,9.00,10.00,11.00
89,92,95,98,100,102,105,109
//WELDUDEF 31
///NAME 1,USER-31
1
0
1.2,0,15,0.3,1.50
///COMMENT
0,1.00
0.50,2.50,5.00,6.50,8.80,9.50,10.50,11.00
70,110,150,190,250,290,330,350
0,1.00
4.00,5.00,6.00,7.00,8.00,9.00,10.00,11.00
89,92,95,98,100,102,105,109
//WELDUDEF 32
///NAME 1,USER-32
1
0
1.2,0,15,0.3,1.50
///COMMENT
0,1.00
0.50,2.50,5.00,6.50,8.80,9.50,10.50,11.00
70,110,150,190,250,290,330,350
0,1.00
4.00,5.00,6.00,7.00,8.00,9.00,10.00,11.00
89,92,95,98,100,102,105,109
//WELDUDEF 33
///NAME 1,USER-33
1
0
1.2,0,15,0.3,1.50
///COMMENT
0,1.00
0.50,2.50,5.00,6.50,8.80,9.50,10.50,11.00
70,110,150,190,250,290,330,350
0,1.00
4.00,5.00,6.00,7.00,8.00,9.00,10.00,11.00
89,92,95,98,100,102,105,109
//WELDUDEF 34
///NAME 1,USER-34
1
0
1.2,0,15,0.3,1.50
///COMMENT
0,1.00
0.50,2.50,5.00,6.50,8.80,9.50,10.50,11.00
70,110,150,190,250,290,330,350
0,1.00
4.00,5.00,6.00,7.00,8.00,9.00,10.00,11.00
89,92,95,98,100,102,105,109
//WELDUDEF 35
///NAME 1,USER-35
1
0
1.2,0,15,0.3,1.50
///COMMENT
0,1.00
0.50,2.50,5.00,6.50,8.80,9.50,10.50,11.00
70,110,150,190,250,290,330,350
0,1.00
4.00,5.00,6.00,7.00,8.00,9.00,10.00,11.00
89,92,95,98,100,102,105,109
//WELDUDEF 36
///NAME 1,USER-36
1
0
1.2,0,15,0.3,1.50
///COMMENT
0,1.00
0.50,2.50,5.00,6.50,8.80,9.50,10.50,11.00
70,110,150,190,250,290,330,350
0,1.00
4.00,5.00,6.00,7.00,8.00,9.00,10.00,11.00
89,92,95,98,100,102,105,109
//WELDUDEF 37
///NAME 1,USER-37
1
0
1.2,0,15,0.3,1.50
///COMMENT
0,1.00
0.50,2.50,5.00,6.50,8.80,9.50,10.50,11.00
70,110,150,190,250,290,330,350
0,1.00
4.00,5.00,6.00,7.00,8.00,9.00,10.00,11.00
89,92,95,98,100,102,105,109
//WELDUDEF 38
///NAME 1,USER-38
1
0
1.2,0,15,0.3,1.50
///COMMENT
0,1.00
0.50,2.50,5.00,6.50,8.80,9.50,10.50,11.00
70,110,150,190,250,290,330,350
0,1.00
4.00,5.00,6.00,7.00,8.00,9.00,10.00,11.00
89,92,95,98,100,102,105,109
//WELDUDEF 39
///NAME 1,USER-39
1
0
1.2,0,15,0.3,1.50
///COMMENT
0,1.00
0.50,2.50,5.00,6.50,8.80,9.50,10.50,11.00
70,110,150,190,250,290,330,350
0,1.00
4.00,5.00,6.00,7.00,8.00,9.00,10.00,11.00
89,92,95,98,100,102,105,109
//WELDUDEF 40
///NAME 1,USER-40
1
0
1.2,0,15,0.3,1.50
///COMMENT
0,1.00
0.50,2.50,5.00,6.50,8.80,9.50,10.50,11.00
70,110,150,190,250,290,330,350
0,1.00
4.00,5.00,6.00,7.00,8.00,9.00,10.00,11.00
89,92,95,98,100,102,105,109
//WELDUDEF 41
///NAME 1,USER-41
1
0
1.2,0,15,0.3,1.50
///COMMENT
0,1.00
0.50,2.50,5.00,6.50,8.80,9.50,10.50,11.00
70,110,150,190,250,290,330,350
0,1.00
4.00,5.00,6.00,7.00,8.00,9.00,10.00,11.00
89,92,95,98,100,102,105,109
//WELDUDEF 42
///NAME 1,USER-42
1
0
1.2,0,15,0.3,1.50
///COMMENT
0,1.00
0.50,2.50,5.00,6.50,8.80,9.50,10.50,11.00
70,110,150,190,250,290,330,350
0,1.00
4.00,5.00,6.00,7.00,8.00,9.00,10.00,11.00
89,92,95,98,100,102,105,109
//WELDUDEF 43
///NAME 1,USER-43
1
0
1.2,0,15,0.3,1.50
///COMMENT
0,1.00
0.50,2.50,5.00,6.50,8.80,9.50,10.50,11.00
70,110,150,190,250,290,330,350
0,1.00
4.00,5.00,6.00,7.00,8.00,9.00,10.00,11.00
89,92,95,98,100,102,105,109
//WELDUDEF 44
///NAME 1,USER-44
1
0
1.2,0,15,0.3,1.50
///COMMENT
0,1.00
0.50,2.50,5.00,6.50,8.80,9.50,10.50,11.00
70,110,150,190,250,290,330,350
0,1.00
4.00,5.00,6.00,7.00,8.00,9.00,10.00,11.00
89,92,95,98,100,102,105,109
//WELDUDEF 45
///NAME 1,USER-45
1
0
1.2,0,15,0.3,1.50
///COMMENT
0,1.00
0.50,2.50,5.00,6.50,8.80,9.50,10.50,11.00
70,110,150,190,250,290,330,350
0,1.00
4.00,5.00,6.00,7.00,8.00,9.00,10.00,11.00
89,92,95,98,100,102,105,109
//WELDUDEF 46
///NAME 1,USER-46
1
0
1.2,0,15,0.3,1.50
///COMMENT
0,1.00
0.50,2.50,5.00,6.50,8.80,9.50,10.50,11.00
70,110,150,190,250,290,330,350
0,1.00
4.00,5.00,6.00,7.00,8.00,9.00,10.00,11.00
89,92,95,98,100,102,105,109
//WELDUDEF 47
///NAME 1,USER-47
1
0
1.2,0,15,0.3,1.50
///COMMENT
0,1.00
0.50,2.50,5.00,6.50,8.80,9.50,10.50,11.00
70,110,150,190,250,290,330,350
0,1.00
4.00,5.00,6.00,7.00,8.00,9.00,10.00,11.00
89,92,95,98,100,102,105,109
//WELDUDEF 48
///NAME 1,USER-48
1
0
1.2,0,15,0.3,1.50
///COMMENT
0,1.00
0.50,2.50,5.00,6.50,8.80,9.50,10.50,11.00
70,110,150,190,250,290,330,350
0,1.00
4.00,5.00,6.00,7.00,8.00,9.00,10.00,11.00
89,92,95,98,100,102,105,109
//WELDUDEF 49
///NAME 1,USER-49
1
0
1.2,0,15,0.3,1.50
///COMMENT
0,1.00
0.50,2.50,5.00,6.50,8.80,9.50,10.50,11.00
70,110,150,190,250,290,330,350
0,1.00
4.00,5.00,6.00,7.00,8.00,9.00,10.00,11.00
89,92,95,98,100,102,105,109
//WELDUDEF 50
///NAME 1,USER-50
1
0
1.2,0,15,0.3,1.50
///COMMENT
0,1.00
0.50,2.50,5.00,6.50,8.80,9.50,10.50,11.00
70,110,150,190,250,290,330,350
0,1.00
4.00,5.00,6.00,7.00,8.00,9.00,10.00,11.00
89,92,95,98,100,102,105,109
//WELDUDEF 51
///NAME 1,USER-51
1
0
1.2,0,15,0.3,1.50
///COMMENT
0,1.00
0.50,2.50,5.00,6.50,8.80,9.50,10.50,11.00
70,110,150,190,250,290,330,350
0,1.00
4.00,5.00,6.00,7.00,8.00,9.00,10.00,11.00
89,92,95,98,100,102,105,109
//WELDUDEF 52
///NAME 1,USER-52
1
0
1.2,0,15,0.3,1.50
///COMMENT
0,1.00
0.50,2.50,5.00,6.50,8.80,9.50,10.50,11.00
70,110,150,190,250,290,330,350
0,1.00
4.00,5.00,6.00,7.00,8.00,9.00,10.00,11.00
89,92,95,98,100,102,105,109
//WELDUDEF 53
///NAME 1,USER-53
1
0
1.2,0,15,0.3,1.50
///COMMENT
0,1.00
0.50,2.50,5.00,6.50,8.80,9.50,10.50,11.00
70,110,150,190,250,290,330,350
0,1.00
4.00,5.00,6.00,7.00,8.00,9.00,10.00,11.00
89,92,95,98,100,102,105,109
//WELDUDEF 54
///NAME 1,USER-54
1
0
1.2,0,15,0.3,1.50
///COMMENT
0,1.00
0.50,2.50,5.00,6.50,8.80,9.50,10.50,11.00
70,110,150,190,250,290,330,350
0,1.00
4.00,5.00,6.00,7.00,8.00,9.00,10.00,11.00
89,92,95,98,100,102,105,109
//WELDUDEF 55
///NAME 1,USER-55
1
0
1.2,0,15,0.3,1.50
///COMMENT
0,1.00
0.50,2.50,5.00,6.50,8.80,9.50,10.50,11.00
70,110,150,190,250,290,330,350
0,1.00
4.00,5.00,6.00,7.00,8.00,9.00,10.00,11.00
89,92,95,98,100,102,105,109
//WELDUDEF 56
///NAME 1,USER-56
1
0
1.2,0,15,0.3,1.50
///COMMENT
0,1.00
0.50,2.50,5.00,6.50,8.80,9.50,10.50,11.00
70,110,150,190,250,290,330,350
0,1.00
4.00,5.00,6.00,7.00,8.00,9.00,10.00,11.00
89,92,95,98,100,102,105,109
//WELDUDEF 57
///NAME 1,USER-57
1
0
1.2,0,15,0.3,1.50
///COMMENT
0,1.00
0.50,2.50,5.00,6.50,8.80,9.50,10.50,11.00
70,110,150,190,250,290,330,350
0,1.00
4.00,5.00,6.00,7.00,8.00,9.00,10.00,11.00
89,92,95,98,100,102,105,109
//WELDUDEF 58
///NAME 1,USER-58
1
0
1.2,0,15,0.3,1.50
///COMMENT
0,1.00
0.50,2.50,5.00,6.50,8.80,9.50,10.50,11.00
70,110,150,190,250,290,330,350
0,1.00
4.00,5.00,6.00,7.00,8.00,9.00,10.00,11.00
89,92,95,98,100,102,105,109
//WELDUDEF 59
///NAME 1,USER-59
1
0
1.2,0,15,0.3,1.50
///COMMENT
0,1.00
0.50,2.50,5.00,6.50,8.80,9.50,10.50,11.00
70,110,150,190,250,290,330,350
0,1.00
4.00,5.00,6.00,7.00,8.00,9.00,10.00,11.00
89,92,95,98,100,102,105,109
//WELDUDEF 60
///NAME 1,USER-60
1
0
1.2,0,15,0.3,1.50
///COMMENT
0,1.00
0.50,2.50,5.00,6.50,8.80,9.50,10.50,11.00
70,110,150,190,250,290,330,350
0,1.00
4.00,5.00,6.00,7.00,8.00,9.00,10.00,11.00
89,92,95,98,100,102,105,109
//WELDUDEF 61
///NAME 1,USER-61
1
0
1.2,0,15,0.3,1.50
///COMMENT
0,1.00
0.50,2.50,5.00,6.50,8.80,9.50,10.50,11.00
70,110,150,190,250,290,330,350
0,1.00
4.00,5.00,6.00,7.00,8.00,9.00,10.00,11.00
89,92,95,98,100,102,105,109
//WELDUDEF 62
///NAME 1,USER-62
1
0
1.2,0,15,0.3,1.50
///COMMENT
0,1.00
0.50,2.50,5.00,6.50,8.80,9.50,10.50,11.00
70,110,150,190,250,290,330,350
0,1.00
4.00,5.00,6.00,7.00,8.00,9.00,10.00,11.00
89,92,95,98,100,102,105,109
//WELDUDEF 63
///NAME 1,USER-63
1
0
1.2,0,15,0.3,1.50
///COMMENT
0,1.00
0.50,2.50,5.00,6.50,8.80,9.50,10.50,11.00
70,110,150,190,250,290,330,350
0,1.00
4.00,5.00,6.00,7.00,8.00,9.00,10.00,11.00
89,92,95,98,100,102,105,109
//WELDUDEF 64
///NAME 1,USER-64
1
0
1.2,0,15,0.3,1.50
///COMMENT
0,1.00
0.50,2.50,5.00,6.50,8.80,9.50,10.50,11.00
70,110,150,190,250,290,330,350
0,1.00
4.00,5.00,6.00,7.00,8.00,9.00,10.00,11.00
89,92,95,98,100,102,105,109
