//MACRO1 1
///ATTR 1,0,1,0,0,0,0,0
///JOB1 HANDSHAK
///JOB2
///ARGSET 1,0,0,0,0,0,0,0,0,0,0,0,0,0,0,0
///ARGTYPE LB,,,,,,,,,,,,,,,
///COMMENT1
HANDSHAK















///COMMENT2
















///TAGDISP 1,0,0,0,0,0,0,0,0,0,0,0,0,0,0,0
///TAGCOMM
NR=















///TAGINIT
0,0,0,0,0,0,0,0
0,0,0,0,0,0,0,0
//MACRO1 2
///ATTR 1,0,1,0,0,0,0,0
///JOB1 GET-DATA
///JOB2
///ARGSET 1,1,0,0,0,0,0,0,0,0,0,0,0,0,0,0
///ARGTYPE KB,KB,,,,,,,,,,,,,,
///COMMENT1
index data :
D var robot














///COMMENT2
















///TAGDISP 1,1,0,0,0,0,0,0,0,0,0,0,0,0,0,0
///TAGCOMM
indexD :
D-var :














///TAGINIT
0,0,0,0,0,0,0,0
0,0,0,0,0,0,0,0
//MACRO1 3
///ATTR 1,0,1,0,0,0,0,0
///JOB1 SENDDATA
///JOB2
///ARGSET 1,1,0,0,0,0,0,0,0,0,0,0,0,0,0,0
///ARGTYPE KB,KB,,,,,,,,,,,,,,
///COMMENT1
index state
robot D-var














///COMMENT2
















///TAGDISP 1,1,0,0,0,0,0,0,0,0,0,0,0,0,0,0
///TAGCOMM
indexD :
D-var :














///TAGINIT
0,0,0,0,0,0,0,0
0,0,0,0,0,0,0,0
//MACRO1 4
///ATTR 1,0,0,0,0,0,0,0
///JOB1 JOBSTART
///JOB2
///ARGSET 0,0,0,0,0,0,0,0,0,0,0,0,0,0,0,0
///ARGTYPE ,,,,,,,,,,,,,,,
///COMMENT1
















///COMMENT2
















///TAGDISP 0,0,0,0,0,0,0,0,0,0,0,0,0,0,0,0
///TAGCOMM
















///TAGINIT
0,0,0,0,0,0,0,0
0,0,0,0,0,0,0,0
//MACRO1 5
///ATTR 1,0,0,0,0,0,0,0
///JOB1 JOBDONE
///JOB2
///ARGSET 0,0,0,0,0,0,0,0,0,0,0,0,0,0,0,0
///ARGTYPE ,,,,,,,,,,,,,,,
///COMMENT1
















///COMMENT2
















///TAGDISP 0,0,0,0,0,0,0,0,0,0,0,0,0,0,0,0
///TAGCOMM
















///TAGINIT
0,0,0,0,0,0,0,0
0,0,0,0,0,0,0,0
//MACRO1 6
///ATTR 0,0,0,0,0,0,0,0
///JOB1
///JOB2
///ARGSET 0,0,0,0,0,0,0,0,0,0,0,0,0,0,0,0
///ARGTYPE ,,,,,,,,,,,,,,,
///COMMENT1
















///COMMENT2
















///TAGDISP 0,0,0,0,0,0,0,0,0,0,0,0,0,0,0,0
///TAGCOMM
















///TAGINIT
0,0,0,0,0,0,0,0
0,0,0,0,0,0,0,0
//MACRO1 7
///ATTR 0,0,0,0,0,0,0,0
///JOB1
///JOB2
///ARGSET 0,0,0,0,0,0,0,0,0,0,0,0,0,0,0,0
///ARGTYPE ,,,,,,,,,,,,,,,
///COMMENT1
















///COMMENT2
















///TAGDISP 0,0,0,0,0,0,0,0,0,0,0,0,0,0,0,0
///TAGCOMM
















///TAGINIT
0,0,0,0,0,0,0,0
0,0,0,0,0,0,0,0
//MACRO1 8
///ATTR 0,0,0,0,0,0,0,0
///JOB1
///JOB2
///ARGSET 0,0,0,0,0,0,0,0,0,0,0,0,0,0,0,0
///ARGTYPE ,,,,,,,,,,,,,,,
///COMMENT1
















///COMMENT2
















///TAGDISP 0,0,0,0,0,0,0,0,0,0,0,0,0,0,0,0
///TAGCOMM
















///TAGINIT
0,0,0,0,0,0,0,0
0,0,0,0,0,0,0,0
//MACRO1 9
///ATTR 0,0,0,0,0,0,0,0
///JOB1
///JOB2
///ARGSET 0,0,0,0,0,0,0,0,0,0,0,0,0,0,0,0
///ARGTYPE ,,,,,,,,,,,,,,,
///COMMENT1
















///COMMENT2
















///TAGDISP 0,0,0,0,0,0,0,0,0,0,0,0,0,0,0,0
///TAGCOMM
















///TAGINIT
0,0,0,0,0,0,0,0
0,0,0,0,0,0,0,0
//MACRO1 10
///ATTR 0,0,0,0,0,0,0,0
///JOB1
///JOB2
///ARGSET 0,0,0,0,0,0,0,0,0,0,0,0,0,0,0,0
///ARGTYPE ,,,,,,,,,,,,,,,
///COMMENT1
















///COMMENT2
















///TAGDISP 0,0,0,0,0,0,0,0,0,0,0,0,0,0,0,0
///TAGCOMM
















///TAGINIT
0,0,0,0,0,0,0,0
0,0,0,0,0,0,0,0
//MACRO1 11
///ATTR 0,0,0,0,0,0,0,0
///JOB1
///JOB2
///ARGSET 0,0,0,0,0,0,0,0,0,0,0,0,0,0,0,0
///ARGTYPE ,,,,,,,,,,,,,,,
///COMMENT1
















///COMMENT2
















///TAGDISP 0,0,0,0,0,0,0,0,0,0,0,0,0,0,0,0
///TAGCOMM
















///TAGINIT
0,0,0,0,0,0,0,0
0,0,0,0,0,0,0,0
//MACRO1 12
///ATTR 0,0,0,0,0,0,0,0
///JOB1
///JOB2
///ARGSET 0,0,0,0,0,0,0,0,0,0,0,0,0,0,0,0
///ARGTYPE ,,,,,,,,,,,,,,,
///COMMENT1
















///COMMENT2
















///TAGDISP 0,0,0,0,0,0,0,0,0,0,0,0,0,0,0,0
///TAGCOMM
















///TAGINIT
0,0,0,0,0,0,0,0
0,0,0,0,0,0,0,0
//MACRO1 13
///ATTR 0,0,0,0,0,0,0,0
///JOB1
///JOB2
///ARGSET 0,0,0,0,0,0,0,0,0,0,0,0,0,0,0,0
///ARGTYPE ,,,,,,,,,,,,,,,
///COMMENT1
















///COMMENT2
















///TAGDISP 0,0,0,0,0,0,0,0,0,0,0,0,0,0,0,0
///TAGCOMM
















///TAGINIT
0,0,0,0,0,0,0,0
0,0,0,0,0,0,0,0
//MACRO1 14
///ATTR 0,0,0,0,0,0,0,0
///JOB1
///JOB2
///ARGSET 0,0,0,0,0,0,0,0,0,0,0,0,0,0,0,0
///ARGTYPE ,,,,,,,,,,,,,,,
///COMMENT1
















///COMMENT2
















///TAGDISP 0,0,0,0,0,0,0,0,0,0,0,0,0,0,0,0
///TAGCOMM
















///TAGINIT
0,0,0,0,0,0,0,0
0,0,0,0,0,0,0,0
//MACRO1 15
///ATTR 0,0,0,0,0,0,0,0
///JOB1
///JOB2
///ARGSET 0,0,0,0,0,0,0,0,0,0,0,0,0,0,0,0
///ARGTYPE ,,,,,,,,,,,,,,,
///COMMENT1
















///COMMENT2
















///TAGDISP 0,0,0,0,0,0,0,0,0,0,0,0,0,0,0,0
///TAGCOMM
















///TAGINIT
0,0,0,0,0,0,0,0
0,0,0,0,0,0,0,0
//MACRO1 16
///ATTR 0,0,0,0,0,0,0,0
///JOB1
///JOB2
///ARGSET 0,0,0,0,0,0,0,0,0,0,0,0,0,0,0,0
///ARGTYPE ,,,,,,,,,,,,,,,
///COMMENT1
















///COMMENT2
















///TAGDISP 0,0,0,0,0,0,0,0,0,0,0,0,0,0,0,0
///TAGCOMM
















///TAGINIT
0,0,0,0,0,0,0,0
0,0,0,0,0,0,0,0
//MACRO1 17
///ATTR 0,0,0,0,0,0,0,0
///JOB1
///JOB2
///ARGSET 0,0,0,0,0,0,0,0,0,0,0,0,0,0,0,0
///ARGTYPE ,,,,,,,,,,,,,,,
///COMMENT1
















///COMMENT2
















///TAGDISP 0,0,0,0,0,0,0,0,0,0,0,0,0,0,0,0
///TAGCOMM
















///TAGINIT
0,0,0,0,0,0,0,0
0,0,0,0,0,0,0,0
//MACRO1 18
///ATTR 0,0,0,0,0,0,0,0
///JOB1
///JOB2
///ARGSET 0,0,0,0,0,0,0,0,0,0,0,0,0,0,0,0
///ARGTYPE ,,,,,,,,,,,,,,,
///COMMENT1
















///COMMENT2
















///TAGDISP 0,0,0,0,0,0,0,0,0,0,0,0,0,0,0,0
///TAGCOMM
















///TAGINIT
0,0,0,0,0,0,0,0
0,0,0,0,0,0,0,0
//MACRO1 19
///ATTR 0,0,0,0,0,0,0,0
///JOB1
///JOB2
///ARGSET 0,0,0,0,0,0,0,0,0,0,0,0,0,0,0,0
///ARGTYPE ,,,,,,,,,,,,,,,
///COMMENT1
















///COMMENT2
















///TAGDISP 0,0,0,0,0,0,0,0,0,0,0,0,0,0,0,0
///TAGCOMM
















///TAGINIT
0,0,0,0,0,0,0,0
0,0,0,0,0,0,0,0
//MACRO1 20
///ATTR 0,0,0,0,0,0,0,0
///JOB1
///JOB2
///ARGSET 0,0,0,0,0,0,0,0,0,0,0,0,0,0,0,0
///ARGTYPE ,,,,,,,,,,,,,,,
///COMMENT1
















///COMMENT2
















///TAGDISP 0,0,0,0,0,0,0,0,0,0,0,0,0,0,0,0
///TAGCOMM
















///TAGINIT
0,0,0,0,0,0,0,0
0,0,0,0,0,0,0,0
//MACRO1 21
///ATTR 0,0,0,0,0,0,0,0
///JOB1
///JOB2
///ARGSET 0,0,0,0,0,0,0,0,0,0,0,0,0,0,0,0
///ARGTYPE ,,,,,,,,,,,,,,,
///COMMENT1
















///COMMENT2
















///TAGDISP 0,0,0,0,0,0,0,0,0,0,0,0,0,0,0,0
///TAGCOMM
















///TAGINIT
0,0,0,0,0,0,0,0
0,0,0,0,0,0,0,0
//MACRO1 22
///ATTR 0,0,0,0,0,0,0,0
///JOB1
///JOB2
///ARGSET 0,0,0,0,0,0,0,0,0,0,0,0,0,0,0,0
///ARGTYPE ,,,,,,,,,,,,,,,
///COMMENT1
















///COMMENT2
















///TAGDISP 0,0,0,0,0,0,0,0,0,0,0,0,0,0,0,0
///TAGCOMM
















///TAGINIT
0,0,0,0,0,0,0,0
0,0,0,0,0,0,0,0
//MACRO1 23
///ATTR 0,0,0,0,0,0,0,0
///JOB1
///JOB2
///ARGSET 0,0,0,0,0,0,0,0,0,0,0,0,0,0,0,0
///ARGTYPE ,,,,,,,,,,,,,,,
///COMMENT1
















///COMMENT2
















///TAGDISP 0,0,0,0,0,0,0,0,0,0,0,0,0,0,0,0
///TAGCOMM
















///TAGINIT
0,0,0,0,0,0,0,0
0,0,0,0,0,0,0,0
//MACRO1 24
///ATTR 0,0,0,0,0,0,0,0
///JOB1
///JOB2
///ARGSET 0,0,0,0,0,0,0,0,0,0,0,0,0,0,0,0
///ARGTYPE ,,,,,,,,,,,,,,,
///COMMENT1
















///COMMENT2
















///TAGDISP 0,0,0,0,0,0,0,0,0,0,0,0,0,0,0,0
///TAGCOMM
















///TAGINIT
0,0,0,0,0,0,0,0
0,0,0,0,0,0,0,0
//MACRO1 25
///ATTR 0,0,0,0,0,0,0,0
///JOB1
///JOB2
///ARGSET 0,0,0,0,0,0,0,0,0,0,0,0,0,0,0,0
///ARGTYPE ,,,,,,,,,,,,,,,
///COMMENT1
















///COMMENT2
















///TAGDISP 0,0,0,0,0,0,0,0,0,0,0,0,0,0,0,0
///TAGCOMM
















///TAGINIT
0,0,0,0,0,0,0,0
0,0,0,0,0,0,0,0
//MACRO1 26
///ATTR 0,0,0,0,0,0,0,0
///JOB1
///JOB2
///ARGSET 0,0,0,0,0,0,0,0,0,0,0,0,0,0,0,0
///ARGTYPE ,,,,,,,,,,,,,,,
///COMMENT1
















///COMMENT2
















///TAGDISP 0,0,0,0,0,0,0,0,0,0,0,0,0,0,0,0
///TAGCOMM
















///TAGINIT
0,0,0,0,0,0,0,0
0,0,0,0,0,0,0,0
//MACRO1 27
///ATTR 0,0,0,0,0,0,0,0
///JOB1
///JOB2
///ARGSET 0,0,0,0,0,0,0,0,0,0,0,0,0,0,0,0
///ARGTYPE ,,,,,,,,,,,,,,,
///COMMENT1
















///COMMENT2
















///TAGDISP 0,0,0,0,0,0,0,0,0,0,0,0,0,0,0,0
///TAGCOMM
















///TAGINIT
0,0,0,0,0,0,0,0
0,0,0,0,0,0,0,0
//MACRO1 28
///ATTR 0,0,0,0,0,0,0,0
///JOB1
///JOB2
///ARGSET 0,0,0,0,0,0,0,0,0,0,0,0,0,0,0,0
///ARGTYPE ,,,,,,,,,,,,,,,
///COMMENT1
















///COMMENT2
















///TAGDISP 0,0,0,0,0,0,0,0,0,0,0,0,0,0,0,0
///TAGCOMM
















///TAGINIT
0,0,0,0,0,0,0,0
0,0,0,0,0,0,0,0
//MACRO1 29
///ATTR 0,0,0,0,0,0,0,0
///JOB1
///JOB2
///ARGSET 0,0,0,0,0,0,0,0,0,0,0,0,0,0,0,0
///ARGTYPE ,,,,,,,,,,,,,,,
///COMMENT1
















///COMMENT2
















///TAGDISP 0,0,0,0,0,0,0,0,0,0,0,0,0,0,0,0
///TAGCOMM
















///TAGINIT
0,0,0,0,0,0,0,0
0,0,0,0,0,0,0,0
//MACRO1 30
///ATTR 0,0,0,0,0,0,0,0
///JOB1
///JOB2
///ARGSET 0,0,0,0,0,0,0,0,0,0,0,0,0,0,0,0
///ARGTYPE ,,,,,,,,,,,,,,,
///COMMENT1
















///COMMENT2
















///TAGDISP 0,0,0,0,0,0,0,0,0,0,0,0,0,0,0,0
///TAGCOMM
















///TAGINIT
0,0,0,0,0,0,0,0
0,0,0,0,0,0,0,0
//MACRO1 31
///ATTR 0,0,0,0,0,0,0,0
///JOB1
///JOB2
///ARGSET 0,0,0,0,0,0,0,0,0,0,0,0,0,0,0,0
///ARGTYPE ,,,,,,,,,,,,,,,
///COMMENT1
















///COMMENT2
















///TAGDISP 0,0,0,0,0,0,0,0,0,0,0,0,0,0,0,0
///TAGCOMM
















///TAGINIT
0,0,0,0,0,0,0,0
0,0,0,0,0,0,0,0
//MACRO1 32
///ATTR 0,0,0,0,0,0,0,0
///JOB1
///JOB2
///ARGSET 0,0,0,0,0,0,0,0,0,0,0,0,0,0,0,0
///ARGTYPE ,,,,,,,,,,,,,,,
///COMMENT1
















///COMMENT2
















///TAGDISP 0,0,0,0,0,0,0,0,0,0,0,0,0,0,0,0
///TAGCOMM
















///TAGINIT
0,0,0,0,0,0,0,0
0,0,0,0,0,0,0,0
//MACRO2 1
///ATTR 0,0,0,0,0,0,0,0
///JOB1
///JOB2
///ARGSET 0,0,0,0,0,0,0,0,0,0,0,0,0,0,0,0
///ARGTYPE ,,,,,,,,,,,,,,,
///COMMENT1
















///COMMENT2
















///TAGDISP 0,0,0,0,0,0,0,0,0,0,0,0,0,0,0,0
///TAGCOMM
















///TAGINIT
0,0,0,0,0,0,0,0
0,0,0,0,0,0,0,0
//MACRO2 2
///ATTR 0,0,0,0,0,0,0,0
///JOB1
///JOB2
///ARGSET 0,0,0,0,0,0,0,0,0,0,0,0,0,0,0,0
///ARGTYPE ,,,,,,,,,,,,,,,
///COMMENT1
















///COMMENT2
















///TAGDISP 0,0,0,0,0,0,0,0,0,0,0,0,0,0,0,0
///TAGCOMM
















///TAGINIT
0,0,0,0,0,0,0,0
0,0,0,0,0,0,0,0
//MACRO2 3
///ATTR 0,0,0,0,0,0,0,0
///JOB1
///JOB2
///ARGSET 0,0,0,0,0,0,0,0,0,0,0,0,0,0,0,0
///ARGTYPE ,,,,,,,,,,,,,,,
///COMMENT1
















///COMMENT2
















///TAGDISP 0,0,0,0,0,0,0,0,0,0,0,0,0,0,0,0
///TAGCOMM
















///TAGINIT
0,0,0,0,0,0,0,0
0,0,0,0,0,0,0,0
//MACRO2 4
///ATTR 0,0,0,0,0,0,0,0
///JOB1
///JOB2
///ARGSET 0,0,0,0,0,0,0,0,0,0,0,0,0,0,0,0
///ARGTYPE ,,,,,,,,,,,,,,,
///COMMENT1
















///COMMENT2
















///TAGDISP 0,0,0,0,0,0,0,0,0,0,0,0,0,0,0,0
///TAGCOMM
















///TAGINIT
0,0,0,0,0,0,0,0
0,0,0,0,0,0,0,0
//MACRO2 5
///ATTR 0,0,0,0,0,0,0,0
///JOB1
///JOB2
///ARGSET 0,0,0,0,0,0,0,0,0,0,0,0,0,0,0,0
///ARGTYPE ,,,,,,,,,,,,,,,
///COMMENT1
















///COMMENT2
















///TAGDISP 0,0,0,0,0,0,0,0,0,0,0,0,0,0,0,0
///TAGCOMM
















///TAGINIT
0,0,0,0,0,0,0,0
0,0,0,0,0,0,0,0
//MACRO2 6
///ATTR 0,0,0,0,0,0,0,0
///JOB1
///JOB2
///ARGSET 0,0,0,0,0,0,0,0,0,0,0,0,0,0,0,0
///ARGTYPE ,,,,,,,,,,,,,,,
///COMMENT1
















///COMMENT2
















///TAGDISP 0,0,0,0,0,0,0,0,0,0,0,0,0,0,0,0
///TAGCOMM
















///TAGINIT
0,0,0,0,0,0,0,0
0,0,0,0,0,0,0,0
//MACRO2 7
///ATTR 0,0,0,0,0,0,0,0
///JOB1
///JOB2
///ARGSET 0,0,0,0,0,0,0,0,0,0,0,0,0,0,0,0
///ARGTYPE ,,,,,,,,,,,,,,,
///COMMENT1
















///COMMENT2
















///TAGDISP 0,0,0,0,0,0,0,0,0,0,0,0,0,0,0,0
///TAGCOMM
















///TAGINIT
0,0,0,0,0,0,0,0
0,0,0,0,0,0,0,0
//MACRO2 8
///ATTR 0,0,0,0,0,0,0,0
///JOB1
///JOB2
///ARGSET 0,0,0,0,0,0,0,0,0,0,0,0,0,0,0,0
///ARGTYPE ,,,,,,,,,,,,,,,
///COMMENT1
















///COMMENT2
















///TAGDISP 0,0,0,0,0,0,0,0,0,0,0,0,0,0,0,0
///TAGCOMM
















///TAGINIT
0,0,0,0,0,0,0,0
0,0,0,0,0,0,0,0
//MACRO2 9
///ATTR 0,0,0,0,0,0,0,0
///JOB1
///JOB2
///ARGSET 0,0,0,0,0,0,0,0,0,0,0,0,0,0,0,0
///ARGTYPE ,,,,,,,,,,,,,,,
///COMMENT1
















///COMMENT2
















///TAGDISP 0,0,0,0,0,0,0,0,0,0,0,0,0,0,0,0
///TAGCOMM
















///TAGINIT
0,0,0,0,0,0,0,0
0,0,0,0,0,0,0,0
//MACRO2 10
///ATTR 0,0,0,0,0,0,0,0
///JOB1
///JOB2
///ARGSET 0,0,0,0,0,0,0,0,0,0,0,0,0,0,0,0
///ARGTYPE ,,,,,,,,,,,,,,,
///COMMENT1
















///COMMENT2
















///TAGDISP 0,0,0,0,0,0,0,0,0,0,0,0,0,0,0,0
///TAGCOMM
















///TAGINIT
0,0,0,0,0,0,0,0
0,0,0,0,0,0,0,0
//MACRO2 11
///ATTR 0,0,0,0,0,0,0,0
///JOB1
///JOB2
///ARGSET 0,0,0,0,0,0,0,0,0,0,0,0,0,0,0,0
///ARGTYPE ,,,,,,,,,,,,,,,
///COMMENT1
















///COMMENT2
















///TAGDISP 0,0,0,0,0,0,0,0,0,0,0,0,0,0,0,0
///TAGCOMM
















///TAGINIT
0,0,0,0,0,0,0,0
0,0,0,0,0,0,0,0
//MACRO2 12
///ATTR 0,0,0,0,0,0,0,0
///JOB1
///JOB2
///ARGSET 0,0,0,0,0,0,0,0,0,0,0,0,0,0,0,0
///ARGTYPE ,,,,,,,,,,,,,,,
///COMMENT1
















///COMMENT2
















///TAGDISP 0,0,0,0,0,0,0,0,0,0,0,0,0,0,0,0
///TAGCOMM
















///TAGINIT
0,0,0,0,0,0,0,0
0,0,0,0,0,0,0,0
//MACRO2 13
///ATTR 0,0,0,0,0,0,0,0
///JOB1
///JOB2
///ARGSET 0,0,0,0,0,0,0,0,0,0,0,0,0,0,0,0
///ARGTYPE ,,,,,,,,,,,,,,,
///COMMENT1
















///COMMENT2
















///TAGDISP 0,0,0,0,0,0,0,0,0,0,0,0,0,0,0,0
///TAGCOMM
















///TAGINIT
0,0,0,0,0,0,0,0
0,0,0,0,0,0,0,0
//MACRO2 14
///ATTR 0,0,0,0,0,0,0,0
///JOB1
///JOB2
///ARGSET 0,0,0,0,0,0,0,0,0,0,0,0,0,0,0,0
///ARGTYPE ,,,,,,,,,,,,,,,
///COMMENT1
















///COMMENT2
















///TAGDISP 0,0,0,0,0,0,0,0,0,0,0,0,0,0,0,0
///TAGCOMM
















///TAGINIT
0,0,0,0,0,0,0,0
0,0,0,0,0,0,0,0
//MACRO2 15
///ATTR 0,0,0,0,0,0,0,0
///JOB1
///JOB2
///ARGSET 0,0,0,0,0,0,0,0,0,0,0,0,0,0,0,0
///ARGTYPE ,,,,,,,,,,,,,,,
///COMMENT1
















///COMMENT2
















///TAGDISP 0,0,0,0,0,0,0,0,0,0,0,0,0,0,0,0
///TAGCOMM
















///TAGINIT
0,0,0,0,0,0,0,0
0,0,0,0,0,0,0,0
//MACRO2 16
///ATTR 0,0,0,0,0,0,0,0
///JOB1
///JOB2
///ARGSET 0,0,0,0,0,0,0,0,0,0,0,0,0,0,0,0
///ARGTYPE ,,,,,,,,,,,,,,,
///COMMENT1
















///COMMENT2
















///TAGDISP 0,0,0,0,0,0,0,0,0,0,0,0,0,0,0,0
///TAGCOMM
















///TAGINIT
0,0,0,0,0,0,0,0
0,0,0,0,0,0,0,0
//MACRO2 17
///ATTR 0,0,0,0,0,0,0,0
///JOB1
///JOB2
///ARGSET 0,0,0,0,0,0,0,0,0,0,0,0,0,0,0,0
///ARGTYPE ,,,,,,,,,,,,,,,
///COMMENT1
















///COMMENT2
















///TAGDISP 0,0,0,0,0,0,0,0,0,0,0,0,0,0,0,0
///TAGCOMM
















///TAGINIT
0,0,0,0,0,0,0,0
0,0,0,0,0,0,0,0
//MACRO2 18
///ATTR 0,0,0,0,0,0,0,0
///JOB1
///JOB2
///ARGSET 0,0,0,0,0,0,0,0,0,0,0,0,0,0,0,0
///ARGTYPE ,,,,,,,,,,,,,,,
///COMMENT1
















///COMMENT2
















///TAGDISP 0,0,0,0,0,0,0,0,0,0,0,0,0,0,0,0
///TAGCOMM
















///TAGINIT
0,0,0,0,0,0,0,0
0,0,0,0,0,0,0,0
//MACRO2 19
///ATTR 0,0,0,0,0,0,0,0
///JOB1
///JOB2
///ARGSET 0,0,0,0,0,0,0,0,0,0,0,0,0,0,0,0
///ARGTYPE ,,,,,,,,,,,,,,,
///COMMENT1
















///COMMENT2
















///TAGDISP 0,0,0,0,0,0,0,0,0,0,0,0,0,0,0,0
///TAGCOMM
















///TAGINIT
0,0,0,0,0,0,0,0
0,0,0,0,0,0,0,0
//MACRO2 20
///ATTR 0,0,0,0,0,0,0,0
///JOB1
///JOB2
///ARGSET 0,0,0,0,0,0,0,0,0,0,0,0,0,0,0,0
///ARGTYPE ,,,,,,,,,,,,,,,
///COMMENT1
















///COMMENT2
















///TAGDISP 0,0,0,0,0,0,0,0,0,0,0,0,0,0,0,0
///TAGCOMM
















///TAGINIT
0,0,0,0,0,0,0,0
0,0,0,0,0,0,0,0
//MACRO2 21
///ATTR 0,0,0,0,0,0,0,0
///JOB1
///JOB2
///ARGSET 0,0,0,0,0,0,0,0,0,0,0,0,0,0,0,0
///ARGTYPE ,,,,,,,,,,,,,,,
///COMMENT1
















///COMMENT2
















///TAGDISP 0,0,0,0,0,0,0,0,0,0,0,0,0,0,0,0
///TAGCOMM
















///TAGINIT
0,0,0,0,0,0,0,0
0,0,0,0,0,0,0,0
//MACRO2 22
///ATTR 0,0,0,0,0,0,0,0
///JOB1
///JOB2
///ARGSET 0,0,0,0,0,0,0,0,0,0,0,0,0,0,0,0
///ARGTYPE ,,,,,,,,,,,,,,,
///COMMENT1
















///COMMENT2
















///TAGDISP 0,0,0,0,0,0,0,0,0,0,0,0,0,0,0,0
///TAGCOMM
















///TAGINIT
0,0,0,0,0,0,0,0
0,0,0,0,0,0,0,0
//MACRO2 23
///ATTR 0,0,0,0,0,0,0,0
///JOB1
///JOB2
///ARGSET 0,0,0,0,0,0,0,0,0,0,0,0,0,0,0,0
///ARGTYPE ,,,,,,,,,,,,,,,
///COMMENT1
















///COMMENT2
















///TAGDISP 0,0,0,0,0,0,0,0,0,0,0,0,0,0,0,0
///TAGCOMM
















///TAGINIT
0,0,0,0,0,0,0,0
0,0,0,0,0,0,0,0
//MACRO2 24
///ATTR 0,0,0,0,0,0,0,0
///JOB1
///JOB2
///ARGSET 0,0,0,0,0,0,0,0,0,0,0,0,0,0,0,0
///ARGTYPE ,,,,,,,,,,,,,,,
///COMMENT1
















///COMMENT2
















///TAGDISP 0,0,0,0,0,0,0,0,0,0,0,0,0,0,0,0
///TAGCOMM
















///TAGINIT
0,0,0,0,0,0,0,0
0,0,0,0,0,0,0,0
//MACRO2 25
///ATTR 0,0,0,0,0,0,0,0
///JOB1
///JOB2
///ARGSET 0,0,0,0,0,0,0,0,0,0,0,0,0,0,0,0
///ARGTYPE ,,,,,,,,,,,,,,,
///COMMENT1
















///COMMENT2
















///TAGDISP 0,0,0,0,0,0,0,0,0,0,0,0,0,0,0,0
///TAGCOMM
















///TAGINIT
0,0,0,0,0,0,0,0
0,0,0,0,0,0,0,0
//MACRO2 26
///ATTR 0,0,0,0,0,0,0,0
///JOB1
///JOB2
///ARGSET 0,0,0,0,0,0,0,0,0,0,0,0,0,0,0,0
///ARGTYPE ,,,,,,,,,,,,,,,
///COMMENT1
















///COMMENT2
















///TAGDISP 0,0,0,0,0,0,0,0,0,0,0,0,0,0,0,0
///TAGCOMM
















///TAGINIT
0,0,0,0,0,0,0,0
0,0,0,0,0,0,0,0
//MACRO2 27
///ATTR 0,0,0,0,0,0,0,0
///JOB1
///JOB2
///ARGSET 0,0,0,0,0,0,0,0,0,0,0,0,0,0,0,0
///ARGTYPE ,,,,,,,,,,,,,,,
///COMMENT1
















///COMMENT2
















///TAGDISP 0,0,0,0,0,0,0,0,0,0,0,0,0,0,0,0
///TAGCOMM
















///TAGINIT
0,0,0,0,0,0,0,0
0,0,0,0,0,0,0,0
//MACRO2 28
///ATTR 0,0,0,0,0,0,0,0
///JOB1
///JOB2
///ARGSET 0,0,0,0,0,0,0,0,0,0,0,0,0,0,0,0
///ARGTYPE ,,,,,,,,,,,,,,,
///COMMENT1
















///COMMENT2
















///TAGDISP 0,0,0,0,0,0,0,0,0,0,0,0,0,0,0,0
///TAGCOMM
















///TAGINIT
0,0,0,0,0,0,0,0
0,0,0,0,0,0,0,0
//MACRO2 29
///ATTR 0,0,0,0,0,0,0,0
///JOB1
///JOB2
///ARGSET 0,0,0,0,0,0,0,0,0,0,0,0,0,0,0,0
///ARGTYPE ,,,,,,,,,,,,,,,
///COMMENT1
















///COMMENT2
















///TAGDISP 0,0,0,0,0,0,0,0,0,0,0,0,0,0,0,0
///TAGCOMM
















///TAGINIT
0,0,0,0,0,0,0,0
0,0,0,0,0,0,0,0
//MACRO2 30
///ATTR 0,0,0,0,0,0,0,0
///JOB1
///JOB2
///ARGSET 0,0,0,0,0,0,0,0,0,0,0,0,0,0,0,0
///ARGTYPE ,,,,,,,,,,,,,,,
///COMMENT1
















///COMMENT2
















///TAGDISP 0,0,0,0,0,0,0,0,0,0,0,0,0,0,0,0
///TAGCOMM
















///TAGINIT
0,0,0,0,0,0,0,0
0,0,0,0,0,0,0,0
//MACRO2 31
///ATTR 0,0,0,0,0,0,0,0
///JOB1
///JOB2
///ARGSET 0,0,0,0,0,0,0,0,0,0,0,0,0,0,0,0
///ARGTYPE ,,,,,,,,,,,,,,,
///COMMENT1
















///COMMENT2
















///TAGDISP 0,0,0,0,0,0,0,0,0,0,0,0,0,0,0,0
///TAGCOMM
















///TAGINIT
0,0,0,0,0,0,0,0
0,0,0,0,0,0,0,0
//MACRO2 32
///ATTR 0,0,0,0,0,0,0,0
///JOB1
///JOB2
///ARGSET 0,0,0,0,0,0,0,0,0,0,0,0,0,0,0,0
///ARGTYPE ,,,,,,,,,,,,,,,
///COMMENT1
















///COMMENT2
















///TAGDISP 0,0,0,0,0,0,0,0,0,0,0,0,0,0,0,0
///TAGCOMM
















///TAGINIT
0,0,0,0,0,0,0,0
0,0,0,0,0,0,0,0
