//USERMENU 0
,,0,0,0,0,0,0,0,0,0
//USERMENU 1
,,0,0,0,0,0,0,0,0,0
//USERMENU 2
,,0,0,0,0,0,0,0,0,0
//USERMENU 3
,,0,0,0,0,0,0,0,0,0
//USERMENU 4
,,0,0,0,0,0,0,0,0,0
//USERMENU 5
,,0,0,0,0,0,0,0,0,0
//USERMENU 6
,,0,0,0,0,0,0,0,0,0
//USERMENU 7
,,0,0,0,0,0,0,0,0,0
//USERMENU 8
,,0,0,0,0,0,0,0,0,0
//USERMENU 9
,,0,0,0,0,0,0,0,0,0
//USERMENU 10
,,0,0,0,0,0,0,0,0,0
//USERMENU 11
,,0,0,0,0,0,0,0,0,0
//USERMENU 12
,,0,0,0,0,0,0,0,0,0
//USERMENU 13
,,0,0,0,0,0,0,0,0,0
//USERMENU 14
,,0,0,0,0,0,0,0,0,0
//USERMENU 15
,,0,0,0,0,0,0,0,0,0
