//VAR
///PFNUM 6,0,0,0
///SHARE 100,100,100,100,100,1611,0,0
///B
0,0,0,0,0,0,0,4,0,1
1,0,0,0,1,1,0,0,1,0
14,1,0,0,0,0,0,0,0,4
0,0,0,0,0,1,4,0,0,0
12,12,0,0,0,0,0,0,0,0
1,0,0,0,0,0,0,0,0,0
0,0,0,0,0,0,0,0,0,0
0,0,0,0,0,0,0,0,0,0
0,0,0,0,0,0,0,0,0,0
0,0,0,0,0,0,0,0,0,0
///I
0,0,0,0,0,0,0,0,0,0
0,0,0,0,0,0,13,4,0,0
0,0,0,0,0,0,0,0,0,0
0,0,0,0,0,0,0,0,0,0
0,0,0,0,0,0,0,0,0,0
0,0,0,0,0,0,0,0,0,0
0,0,0,0,0,0,0,0,0,0
0,0,0,0,0,0,0,0,0,0
0,0,0,0,0,0,0,0,0,0
0,0,0,0,0,0,0,0,0,0
///D
0,0,0,0,4,4,640,5547,702,815
1530,0,0,0,0,0,0,0,6,0
114259,114813,0,0,0,0,0,0,0,0
254700,0,0,0,0,13,5,0,0,0
317650,317737,317850,317863,317839,317636,317478,317350,317317,317380
317504,0,317863,0,3178,0,0,0,0,0
5063,430,56,-147,32020,0,0,300,26,0
7,4,0,0,0,0,0,0,0,0
0,0,0,0,0,0,0,0,0,0
0,0,0,0,0,0,0,0,0,0
///R
0,0,0,0,0,0,0,0,0,0
0,0,0,0,0,0,0,0,0,0
0,0,0,0,0,0,0,0,0,0
0,0,0,0,0,0,0,0,0,0
0,0,0,0,0,0,0,0,0,0
0,0,0,0,0,0,0,0,0,0
0,0,0,0,0,0,0,0,0,0
0,0,0,0,0,0,0,0,0,0
0,0,0,0,0,0,0,0,0,0
0,0,0,0,0,0,0,0,0,0
///S




































































































///P
"PULSE"0,0,0,000000000000000000000000,0,0,0,-222014,-26224,0,-132993,0,0,0
"RECTAN"0,0,0,000000000000000000000000,0,16,0.000,0.000,50.100,0.0000,0.0000,0.0000,0.0000,0.0000
"RECTAN"0,0,0,000000000000000000000000,0,16,0.000,0.000,81.500,0.0000,0.0000,0.0000,0.0000,0.0000
"RECTAN"0,0,0,000000000000000000000000,0,16,0.000,0.000,0.000,0.0000,0.0000,25.4700,0.0000,0.0000
"RECTAN"0,0,0,000000000000000000000000,0,16,0.000,0.000,114.813,0.0000,0.0000,0.0000,0.0000,0.0000
"RECTAN"0,0,0,000000000000000000000000,0,16,0.000,0.000,81.500,0.0000,0.0000,0.0000,0.0000,0.0000
"RECTAN"0,0,0,000000000000000000000000,0,16,0.000,0.000,0.000,0.0000,0.0000,58.7200,0.0000,0.0000
"RECTAN"0,0,0,000000000000000000000000,0,17,0.000,0.000,20.000,0.0000,0.0000,0.0000,0.0000,0.0000
"RECTAN"0,0,0,000000000000000000000000,0,17,0.000,0.000,20.000,0.0000,0.0000,0.0000,0.0000,0.0000
"RECTAN"0,0,0,001000000000000000000000,0,16,2142.013,-246.806,-1813.815,-179.8236,0.0443,60.0159,0.0000,0.0000
"RECTAN"0,0,0,001000000000000000000000,0,16,2130.000,-246.801,-1928.074,-179.7976,-0.0188,60.0000,0.0000,0.0000
"RECTAN"0,0,0,001000000000000000000000,0,16,2142.000,-246.801,-1813.974,-179.7976,-0.0188,60.0000,0.0000,0.0000
"RECTAN"0,0,0,001000000000000000000000,0,16,2145.036,234.752,-1926.542,-179.8357,0.0414,54.0000,0.0000,0.0000
"RECTAN"0,0,0,001000000000000000000000,0,16,2143.000,234.752,-1812.442,-179.8357,0.0414,60.0000,0.0000,0.0000
"UNUSED"
"UNUSED"
"UNUSED"
"UNUSED"
"UNUSED"
"PULSE"0,0,0,000000000000000000000000,0,0,0,0,0,0,0,0,0,0
"RECTAN"0,0,1,001000000000000000000000,0,16,1490.784,-1.718,-519.146,179.4009,0.1967,91.5763,0.0000,0.0000
"RECTAN"0,0,1,001000000000000000000000,0,16,1492.282,6.026,-519.149,179.4011,0.1966,91.5748,0.0000,0.0000
"RECTAN"0,0,1,001000000000000000000000,0,16,1492.313,-8.381,-519.145,179.4011,0.1967,91.5772,0.0000,0.0000
"RECTAN"0,0,1,001000000000000000000000,0,16,1492.316,-1.713,-526.266,179.4013,0.1967,91.5755,0.0000,0.0000
"RECTAN"0,0,1,001000000000000000000000,0,16,1492.309,-1.715,-525.933,179.4013,0.1967,91.5759,0.0000,0.0000
"RECTAN"0,0,0,001000000000000000000000,0,16,2953.144,-268.949,-4.242,-178.8222,2.0532,0.0496,0.0000,0.0000
"RECTAN"0,0,1,001000000000000000000000,0,16,520.403,1817.384,-1574.238,87.8941,34.2474,-1.5448,0.0000,0.0000
"RECTAN"0,0,0,001000000000000000000000,0,16,1882.857,-14.716,-4.137,179.9999,-2.7366,0.0022,0.0000,0.0000
"UNUSED"
"UNUSED"
"RECTAN"0,0,0,001000000000000000000000,0,16,2783.184,410.000,-595.000,-179.7925,-0.2916,30.0000,0.0000,0.0000
"RECTAN"0,0,0,001000000000000000000000,0,16,1907.913,12.987,-397.166,-179.0185,-0.7815,30.0006,0.0000,0.0000
"RECTAN"0,0,0,001000000000000000000000,0,16,2781.525,399.515,-380.917,-178.4871,0.5013,29.9994,0.0000,0.0000
"RECTAN"0,0,0,001000000000000000000000,0,16,2781.531,-79.855,-383.451,-178.4872,0.5005,-0.0072,0.0000,0.0000
"UNUSED"
"UNUSED"
"RECTAN"0,0,0,001000000000000000000000,0,16,-675.096,2098.376,-1488.526,119.5902,18.9718,-159.9215,0.0000,0.0000
"UNUSED"
"UNUSED"
"UNUSED"
"UNUSED"
"UNUSED"
"UNUSED"
"UNUSED"
"RECTAN"0,0,0,001000000000000000000000,0,16,1854.454,-14.726,-4.135,-179.6974,-1.0435,-0.0157,0.0000,0.0000
"RECTAN"0,0,0,000000000000000000000000,0,16,2066.633,-243.154,-1486.779,-179.9992,0.0152,59.9856,0.0000,0.0000
"RECTAN"0,0,0,001000000000000000000000,0,16,2142.000,-241.052,-1888.393,179.9058,-0.1782,60.0000,0.0000,0.0000
"RECTAN"0,0,0,001000000000000000000000,0,16,2142.500,-241.035,-2082.000,179.8557,-0.0548,59.8113,0.0000,0.0000
"RECTAN"0,0,0,001000000000000000000000,0,16,2142.500,-241.035,-2000.500,179.8557,-0.0548,59.8113,0.0000,0.0000
"RECTAN"0,0,0,000000000000000000000000,0,16,0.000,0.000,0.000,0.0000,0.0000,0.0000,0.0000,0.0000
"RECTAN"0,0,0,001000000000000000000000,0,16,2140.889,-243.142,-1486.772,-179.9859,-0.0180,59.9777,0.0000,0.0000
"RECTAN"0,1,0,001000000000000000000000,0,19,88.940,-47.102,68.802,179.9508,0.2201,59.9898,0.0000,0.0000
"RECTAN"0,1,0,001000000000000000000000,0,19,88.966,-47.209,47.308,179.9497,0.2196,59.9907,0.0000,0.0000
"RECTAN"0,1,0,001000000000000000000000,0,19,87.129,-45.815,62.553,179.9505,0.2201,59.9926,0.0000,0.0000
"RECTAN"0,0,0,000000000000000000000000,0,16,0.000,0.000,0.000,0.0000,0.0000,0.0000,0.0000,0.0000
"RECTAN"0,1,0,001000000000000000000000,0,19,87.207,-45.848,66.427,179.9567,0.2181,59.9904,0.0000,0.0000
"RECTAN"0,1,0,001000000000000000000000,0,19,87.149,-47.222,51.687,179.9507,0.2202,59.9881,0.0000,0.0000
"RECTAN"0,1,0,001000000000000000000000,0,19,88.915,-47.037,77.096,-179.8509,0.2306,59.9913,0.0000,0.0000
"RECTAN"0,0,0,001000000000000000000000,0,16,2141.864,-241.029,-2017.388,179.9193,-0.2098,59.7782,0.0000,0.0000
"RECTAN"0,1,0,001000000000000000000000,0,19,87.077,-45.835,53.118,179.6552,0.3246,60.0015,0.0000,0.0000
"RECTAN"0,1,0,001000000000000000000000,0,19,87.129,-45.850,55.254,179.9506,0.2201,59.9911,0.0000,0.0000
"RECTAN"0,1,0,001000000000000000000000,0,19,87.142,-45.925,40.051,179.9507,0.2202,59.9918,0.0000,0.0000
"RECTAN"0,1,0,001000000000000000000000,0,19,87.153,-45.947,35.901,179.9514,0.2205,59.9932,0.0000,0.0000
"RECTAN"0,1,0,001000000000000000000000,0,19,87.021,-45.781,55.624,179.9699,0.2484,59.8845,0.0000,0.0000
"UNUSED"
"UNUSED"
"UNUSED"
"UNUSED"
"UNUSED"
"UNUSED"
"UNUSED"
"UNUSED"
"UNUSED"
"UNUSED"
"UNUSED"
"UNUSED"
"UNUSED"
"UNUSED"
"UNUSED"
"UNUSED"
"UNUSED"
"UNUSED"
"UNUSED"
"UNUSED"
"UNUSED"
"UNUSED"
"UNUSED"
"UNUSED"
"UNUSED"
"UNUSED"
"UNUSED"
"UNUSED"
"UNUSED"
"UNUSED"
"UNUSED"
"UNUSED"
"UNUSED"
"UNUSED"
"UNUSED"
"UNUSED"
"UNUSED"
"UNUSED"
"UNUSED"
"UNUSED"
"UNUSED"
"UNUSED"
"UNUSED"
"UNUSED"
"UNUSED"
"UNUSED"
"UNUSED"
"RECTAN"0,0,5,000000000000000000000000,0,18,13.256,-316.051,34.225,-89.9940,0.0000,0.2183,0.0000,0.0000
"RECTAN"0,0,0,000000000000000000000000,0,16,13.256,-316.051,34.225,-90.0000,0.0000,0.0000,0.0000,0.0000
"UNUSED"
"UNUSED"
"UNUSED"
"UNUSED"
"UNUSED"
"UNUSED"
"UNUSED"
"RECTAN"0,0,1,001000000000000000000000,0,16,1571.243,-1.499,-518.376,90.0000,0.0000,90.0000,0.0000,0.0000
"UNUSED"
"RECTAN"0,21,5,001000000000000000000000,0,19,37.276,-20.007,306.237,89.1269,-1.0473,178.4448,0.0000,0.0000
"RECTAN"0,0,1,001000000000000000000000,0,16,1492.407,-1.092,-518.767,89.9951,0.0000,90.2253,0.0000,0.0000
"RECTAN"0,0,1,001000000000000000000000,0,16,1492.407,-1.092,-518.767,89.9951,0.0000,90.2253,0.0000,0.0000
"UNUSED"
"UNUSED"
"UNUSED"
"UNUSED"
"UNUSED"
"UNUSED"
"UNUSED"
"UNUSED"
"UNUSED"
"UNUSED"
"UNUSED"
"UNUSED"
"UNUSED"
"UNUSED"
"UNUSED"
"UNUSED"
"UNUSED"
"UNUSED"
"UNUSED"
"UNUSED"
"UNUSED"
"UNUSED"
"UNUSED"
"UNUSED"
"UNUSED"
"RECTAN"0,10,1,001000000000000000000000,0,19,327.100,0.000,276.500,45.0000,35.0000,10.0000,0.0000,0.0000
"RECTAN"0,10,1,001000000000000000000000,0,19,327.100,0.000,73.000,45.0000,35.0000,10.0000,0.0000,0.0000
"RECTAN"0,10,1,001000000000000000000000,0,19,317.100,0.000,73.000,45.0000,35.0000,10.0000,0.0000,0.0000
"RECTAN"0,10,1,001000000000000000000000,0,19,317.504,-0.005,73.000,44.9997,35.0011,10.0014,0.0000,0.0000
"UNUSED"
"UNUSED"
"UNUSED"
"UNUSED"
"UNUSED"
"UNUSED"
"RECTAN"0,11,6,001000000000000000000000,0,19,0.000,-1.100,-15.000,0.0000,0.0000,116.0000,0.0000,0.0000
"RECTAN"0,11,6,001000000000000000000000,0,19,0.000,-1.100,0.000,0.0000,0.0000,116.0000,0.0000,0.0000
"RECTAN"0,10,0,000000000000000000000000,0,19,200.000,0.000,0.000,0.0000,0.0000,0.0000,0.0000,0.0000
"UNUSED"
"UNUSED"
"UNUSED"
"UNUSED"
"UNUSED"
"UNUSED"
"UNUSED"
"RECTAN"0,10,1,001010000000000000000000,0,19,453.100,0.000,0.000,90.0000,0.0000,90.0000,0.0000,0.0000
"RECTAN"0,10,1,001010000000000000000000,0,19,253.100,0.000,0.000,90.0000,0.0000,90.0000,0.0000,0.0000
"RECTAN"0,10,1,000000000000000000000000,0,19,248.091,-1.731,-1.655,90.0000,0.0004,89.9986,0.0000,0.0000
"RECTAN"0,10,1,000000000000000000000000,0,19,2.671,-1.737,-1.666,90.0000,0.0004,89.9986,0.0000,0.0000
"RECTAN"0,11,10,001000000000000000000000,0,19,0.000,0.000,0.000,0.0000,0.0000,-180.0000,0.0000,0.0000
"RECTAN"0,11,1,000000000000000000000000,0,19,0.000,0.000,0.000,179.6705,-0.0713,179.9875,0.0000,0.0000
"RECTAN"0,11,1,000000000000000000000000,0,19,44.487,0.000,0.000,179.6698,-0.0718,179.9858,0.0000,0.0000
"RECTAN"0,11,1,000000000000000000000000,0,19,22.234,20.135,-0.001,179.6701,-0.0726,179.9860,0.0000,0.0000
"RECTAN"0,11,1,000000000000000000000000,0,19,22.252,-23.430,-0.398,179.6706,-0.0704,179.9881,0.0000,0.0000
"RECTAN"0,11,1,000000000000000000000000,0,19,-0.001,-0.003,-0.007,-179.8084,-0.5444,175.7482,0.0000,0.0000
"RECTAN"0,10,4,001010000000000000000000,0,19,243.000,-445.000,500.000,180.0000,0.0000,90.0000,0.0000,0.0000
"RECTAN"0,10,4,001010000000000000000000,0,19,-263.000,-445.000,0.000,180.0000,0.0000,90.0000,0.0000,0.0000
"UNUSED"
"UNUSED"
"UNUSED"
"UNUSED"
"UNUSED"
"UNUSED"
"UNUSED"
"UNUSED"
"UNUSED"
"UNUSED"
"UNUSED"
"UNUSED"
"UNUSED"
"RECTAN"0,1,0,000000000000000000000000,0,19,-46.595,406.609,757.745,179.9112,0.3271,51.0000,0.0000,0.0000
"RECTAN"0,0,0,001000000000000000000000,0,16,2143.000,238.558,-1899.966,179.9271,-0.1514,60.0000,0.0000,0.0000
"RECTAN"0,0,0,001000000000000000000000,0,16,2143.929,238.561,-2080.573,-179.9112,-0.2943,49.9795,0.0000,0.0000
"RECTAN"0,0,0,001000000000000000000000,0,16,2143.929,238.561,-1999.073,-179.9112,-0.2943,49.9795,0.0000,0.0000
"UNUSED"
"RECTAN"0,10,1,001000000000000000000000,0,19,-353.000,0.000,0.000,90.0000,0.0000,-90.0000,0.0000,0.0000
"RECTAN"0,10,1,001000000000000000000000,0,19,-253.000,0.000,0.000,90.0000,0.0000,-90.0000,0.0000,0.0000
"RECTAN"0,10,1,000000000000000000000000,0,19,-248.014,2.188,-0.096,89.9998,0.0007,-90.0006,0.0000,0.0000
"RECTAN"0,1,0,000000000000000000000000,0,19,0.000,0.000,0.000,0.0000,0.0000,0.0000,0.0000,0.0000
"RECTAN"0,1,0,000000000000000000000000,0,19,0.000,0.000,0.000,0.0000,0.0000,0.0000,0.0000,0.0000
"RECTAN"0,10,1,000000000000000000000000,0,19,-247.992,-15.602,-0.002,90.0000,-0.0001,-90.0003,0.0000,0.0000
"RECTAN"0,10,1,000000000000000000000000,0,19,-248.003,19.991,-0.003,89.9998,0.0004,-90.0010,0.0000,0.0000
"RECTAN"0,10,1,000000000000000000000000,0,19,-247.997,2.198,17.714,89.9997,0.0005,-89.9995,0.0000,0.0000
"RECTAN"0,10,1,000000000000000000000000,0,19,-247.993,2.194,-17.912,89.9998,0.0001,-90.0013,0.0000,0.0000
"RECTAN"0,0,0,001000000000000000000000,0,16,2143.932,238.560,-2000.505,-179.6596,-0.0828,49.9746,0.0000,0.0000
"RECTAN"0,1,0,000000000000000000000000,0,19,0.000,0.000,0.000,0.0000,0.0000,0.0000,0.0000,0.0000
"RECTAN"0,1,0,001000000000000000000000,0,19,93.313,434.069,39.463,179.9503,0.2185,49.9996,0.0000,0.0000
"RECTAN"0,1,0,001000000000000000000000,0,19,93.319,434.051,35.477,179.9502,0.2183,49.9987,0.0000,0.0000
"RECTAN"0,1,0,001000000000000000000000,0,19,93.321,434.142,54.722,179.9496,0.2181,49.9991,0.0000,0.0000
"UNUSED"
"UNUSED"
"UNUSED"
"UNUSED"
"UNUSED"
"UNUSED"
"UNUSED"
"UNUSED"
"UNUSED"
"UNUSED"
"UNUSED"
"UNUSED"
"UNUSED"
"UNUSED"
"UNUSED"
"UNUSED"
"UNUSED"
"UNUSED"
"UNUSED"
"UNUSED"
"UNUSED"
"UNUSED"
"UNUSED"
"UNUSED"
"UNUSED"
"UNUSED"
"UNUSED"
"UNUSED"
"UNUSED"
"UNUSED"
"UNUSED"
"UNUSED"
"UNUSED"
"UNUSED"
"UNUSED"
"UNUSED"
"UNUSED"
"UNUSED"
"UNUSED"
"UNUSED"
"UNUSED"
"UNUSED"
"UNUSED"
"UNUSED"
"UNUSED"
"UNUSED"
"UNUSED"
"UNUSED"
"UNUSED"
"UNUSED"
"UNUSED"
"UNUSED"
"UNUSED"
"UNUSED"
"UNUSED"
"UNUSED"
"UNUSED"
"UNUSED"
"UNUSED"
"UNUSED"
"UNUSED"
"UNUSED"
"UNUSED"
"UNUSED"
"UNUSED"
"UNUSED"
"UNUSED"
"UNUSED"
"UNUSED"
"UNUSED"
"UNUSED"
"UNUSED"
"UNUSED"
"UNUSED"
"UNUSED"
"UNUSED"
"UNUSED"
"UNUSED"
"UNUSED"
"UNUSED"
"UNUSED"
"UNUSED"
"UNUSED"
"UNUSED"
"UNUSED"
"UNUSED"
"UNUSED"
"UNUSED"
"UNUSED"
"UNUSED"
"UNUSED"
"UNUSED"
"UNUSED"
"UNUSED"
"UNUSED"
"UNUSED"
"UNUSED"
"UNUSED"
"UNUSED"
"UNUSED"
"UNUSED"
"UNUSED"
"UNUSED"
"UNUSED"
"UNUSED"
"UNUSED"
"UNUSED"
"UNUSED"
"UNUSED"
"UNUSED"
"UNUSED"
"UNUSED"
"UNUSED"
"UNUSED"
"UNUSED"
"UNUSED"
"UNUSED"
"UNUSED"
"UNUSED"
"UNUSED"
"UNUSED"
"UNUSED"
"UNUSED"
"UNUSED"
"UNUSED"
"UNUSED"
"UNUSED"
"UNUSED"
"UNUSED"
"UNUSED"
"UNUSED"
"UNUSED"
"UNUSED"
"UNUSED"
"UNUSED"
"UNUSED"
"UNUSED"
"UNUSED"
"UNUSED"
"UNUSED"
"UNUSED"
"UNUSED"
"UNUSED"
"UNUSED"
"UNUSED"
"UNUSED"
"UNUSED"
"UNUSED"
"UNUSED"
"UNUSED"
"UNUSED"
"UNUSED"
"UNUSED"
"UNUSED"
"UNUSED"
"UNUSED"
"UNUSED"
"UNUSED"
"UNUSED"
"UNUSED"
"UNUSED"
"UNUSED"
"UNUSED"
"UNUSED"
"UNUSED"
"UNUSED"
"UNUSED"
"UNUSED"
"UNUSED"
"UNUSED"
"UNUSED"
"UNUSED"
"UNUSED"
"UNUSED"
"UNUSED"
"UNUSED"
"UNUSED"
"UNUSED"
"UNUSED"
"UNUSED"
"UNUSED"
"UNUSED"
"UNUSED"
"UNUSED"
"UNUSED"
"RECTAN"0,0,0,001000000000000000000000,0,16,342.215,-2001.266,-1707.757,-90.1527,48.1402,91.3758,0.0000,0.0000
"RECTAN"0,0,0,001000000000000000000000,0,16,126.359,-1826.199,-1711.200,89.7870,-0.1396,-89.4016,0.0000,0.0000
"RECTAN"0,0,0,001000000000000000000000,0,16,22.692,-1826.199,-1711.200,89.7870,-0.1396,-89.4016,0.0000,0.0000
"RECTAN"0,0,0,001000000000000000000000,0,16,200.877,-1826.223,-1710.919,89.7872,-0.1404,-89.4016,0.0000,0.0000
"RECTAN"0,0,0,001000000000000000000000,0,16,405.210,-1826.200,-1622.149,89.7868,-0.1394,-89.4017,0.0000,0.0000
"UNUSED"
"RECTAN"0,0,0,001000000000000000000000,0,16,-0.400,-1826.500,-1711.800,-90.0557,-59.9933,-88.7676,0.0000,0.0000
"RECTAN"0,0,0,001000000000000000000000,0,16,-203.586,-1826.250,-1711.255,-90.0572,-59.9928,-88.7674,0.0000,0.0000
"RECTAN"0,0,0,001000000000000000000000,0,16,-369.361,-1822.064,-1589.387,-89.5089,-59.9989,-89.9167,0.0000,0.0000
"UNUSED"
"UNUSED"
"RECTAN"0,0,0,000000000000000000000000,0,16,0.000,0.000,0.000,0.0000,0.0000,0.0000,0.0000,0.0000
"UNUSED"
"UNUSED"
"UNUSED"
"UNUSED"
"UNUSED"
"UNUSED"
"UNUSED"
"UNUSED"
"UNUSED"
"UNUSED"
"UNUSED"
"UNUSED"
"UNUSED"
"UNUSED"
"UNUSED"
"UNUSED"
"UNUSED"
"UNUSED"
"UNUSED"
"UNUSED"
"UNUSED"
"UNUSED"
"UNUSED"
"UNUSED"
"UNUSED"
"UNUSED"
"UNUSED"
"UNUSED"
"UNUSED"
"UNUSED"
"UNUSED"
"UNUSED"
"UNUSED"
"UNUSED"
"UNUSED"
"UNUSED"
"UNUSED"
"UNUSED"
"UNUSED"
"UNUSED"
"UNUSED"
"UNUSED"
"UNUSED"
"UNUSED"
"UNUSED"
"UNUSED"
"UNUSED"
"UNUSED"
"UNUSED"
"UNUSED"
"UNUSED"
"UNUSED"
"UNUSED"
"UNUSED"
"UNUSED"
"UNUSED"
"UNUSED"
"UNUSED"
"UNUSED"
"UNUSED"
"UNUSED"
"UNUSED"
"UNUSED"
"UNUSED"
"UNUSED"
"UNUSED"
"UNUSED"
"UNUSED"
"UNUSED"
"UNUSED"
"UNUSED"
"UNUSED"
"UNUSED"
"UNUSED"
"UNUSED"
"UNUSED"
"UNUSED"
"UNUSED"
"UNUSED"
"UNUSED"
"UNUSED"
"UNUSED"
"UNUSED"
"UNUSED"
"UNUSED"
"UNUSED"
"UNUSED"
"UNUSED"
"UNUSED"
"RECTAN"0,0,0,001010000000000000000000,0,16,1321.587,-749.857,-1848.264,-179.9960,-2.7339,4.3874,0.0000,0.0000
"UNUSED"
"UNUSED"
"UNUSED"
"UNUSED"
"UNUSED"
"UNUSED"
"UNUSED"
"UNUSED"
"UNUSED"
"UNUSED"
"UNUSED"
"UNUSED"
"UNUSED"
"UNUSED"
"UNUSED"
"UNUSED"
"UNUSED"
"UNUSED"
"UNUSED"
"UNUSED"
"UNUSED"
"UNUSED"
"UNUSED"
"UNUSED"
"UNUSED"
"UNUSED"
"UNUSED"
"UNUSED"
"UNUSED"
"UNUSED"
"UNUSED"
"UNUSED"
"UNUSED"
"UNUSED"
"UNUSED"
"UNUSED"
"UNUSED"
"UNUSED"
"UNUSED"
"UNUSED"
"UNUSED"
"UNUSED"
"UNUSED"
"UNUSED"
"UNUSED"
"UNUSED"
"UNUSED"
"UNUSED"
"UNUSED"
"UNUSED"
"UNUSED"
"UNUSED"
"UNUSED"
"UNUSED"
"UNUSED"
"UNUSED"
"UNUSED"
"UNUSED"
"UNUSED"
"UNUSED"
"UNUSED"
"UNUSED"
"UNUSED"
"UNUSED"
"UNUSED"
"UNUSED"
"UNUSED"
"UNUSED"
"UNUSED"
"UNUSED"
"UNUSED"
"UNUSED"
"UNUSED"
"UNUSED"
"UNUSED"
"UNUSED"
"UNUSED"
"UNUSED"
"UNUSED"
"UNUSED"
"UNUSED"
"UNUSED"
"UNUSED"
"UNUSED"
"UNUSED"
"UNUSED"
"UNUSED"
"UNUSED"
"UNUSED"
"UNUSED"
"UNUSED"
"UNUSED"
"UNUSED"
"UNUSED"
"UNUSED"
"UNUSED"
"UNUSED"
"UNUSED"
"UNUSED"
"UNUSED"
"UNUSED"
"UNUSED"
"UNUSED"
"UNUSED"
"UNUSED"
"UNUSED"
"UNUSED"
"UNUSED"
"UNUSED"
"UNUSED"
"UNUSED"
"UNUSED"
"UNUSED"
"UNUSED"
"UNUSED"
"UNUSED"
"UNUSED"
"UNUSED"
"UNUSED"
"RECTAN"0,0,0,001000000000000000000000,0,16,560.012,-1824.744,-1710.571,89.7771,-0.2987,-89.3591,0.0000,0.0000
"RECTAN"0,0,0,001000000000000000000000,0,16,392.000,-1824.744,-1710.571,89.7771,-0.2987,-89.3591,0.0000,0.0000
"RECTAN"0,0,0,001000000000000000000000,0,16,651.240,-1824.193,-1710.486,89.9648,0.0047,-89.4498,0.0000,0.0000
"RECTAN"0,0,0,001000000000000000000000,0,16,887.225,-1824.186,-1627.302,89.9650,0.0074,-89.4506,0.0000,0.0000
"RECTAN"0,0,0,000010000000000000000000,0,16,467.226,-1530.398,-1908.779,178.1162,-0.3480,176.3959,0.0000,0.0000
"RECTAN"0,0,0,000000000000000000000000,0,16,0.000,0.000,30.000,0.0000,0.0000,0.0000,0.0000,0.0000
"RECTAN"0,0,0,001010000000000000000000,0,16,698.958,-1589.038,-1405.670,89.8017,-42.5560,-176.0374,0.0000,0.0000
"RECTAN"0,0,0,001010000000000000000000,0,16,602.445,-1589.044,-1415.169,89.8032,-42.5567,-176.0376,0.0000,0.0000
"RECTAN"0,0,0,001010000000000000000000,0,16,720.445,-1589.044,-1405.669,89.8032,-42.5567,-176.0376,0.0000,0.0000
"RECTAN"0,0,0,001010000000000000000000,0,16,710.445,-1589.044,-1405.669,89.8032,-42.5567,-176.0376,0.0000,0.0000
"RECTAN"0,0,0,001000000000000000000000,0,16,-538.286,-1831.000,-1711.500,-89.4585,-59.2907,-89.9260,0.0000,0.0000
"RECTAN"0,0,0,001000000000000000000000,0,16,-367.000,-1831.000,-1711.500,-89.4585,-59.2907,-89.9260,0.0000,0.0000
"RECTAN"0,0,0,001000000000000000000000,0,16,-611.608,-1830.375,-1713.101,-89.4608,-59.2905,-89.9240,0.0000,0.0000
"RECTAN"0,0,0,001000000000000000000000,0,16,-751.108,-1830.368,-1659.992,-89.4612,-59.2899,-89.9233,0.0000,0.0000
"RECTAN"0,0,1,001010000000000000000000,0,16,-424.046,-1894.284,-1668.902,170.0757,-1.3456,-11.6333,0.0000,0.0000
"UNUSED"
"RECTAN"0,0,1,001000000000000000000000,0,16,-544.602,-1841.340,-1566.915,90.0908,33.5204,179.6973,0.0000,0.0000
"RECTAN"0,0,1,001000000000000000000000,0,16,-445.206,-1841.341,-1576.413,90.0899,33.5185,179.6965,0.0000,0.0000
"RECTAN"0,0,1,001000000000000000000000,0,16,-563.206,-1841.341,-1566.913,90.0899,33.5185,179.6965,0.0000,0.0000
"RECTAN"0,0,1,001000000000000000000000,0,16,-553.206,-1841.341,-1566.913,90.0899,33.5185,179.6965,0.0000,0.0000
"RECTAN"0,0,0,000000000000000000000000,0,16,0.000,0.000,0.000,0.0000,0.0000,0.0000,0.0000,0.0000
"UNUSED"
"UNUSED"
"UNUSED"
"UNUSED"
"UNUSED"
"UNUSED"
"UNUSED"
"UNUSED"
"UNUSED"
"UNUSED"
"UNUSED"
"UNUSED"
"UNUSED"
"UNUSED"
"UNUSED"
"UNUSED"
"UNUSED"
"UNUSED"
"UNUSED"
"RECTAN"0,0,0,001000000000000000000000,0,16,307.643,-1825.117,-1712.102,89.9119,0.0113,-89.5399,0.0000,0.0000
"RECTAN"0,0,0,001000000000000000000000,0,16,204.300,-1825.117,-1712.102,89.9119,0.0113,-89.5399,0.0000,0.0000
"RECTAN"0,0,0,001000000000000000000000,0,16,375.348,-1825.071,-1711.992,89.9111,0.0061,-89.5406,0.0000,0.0000
"RECTAN"0,0,0,001000000000000000000000,0,16,617.654,-1841.294,-1678.004,90.5685,-0.0009,-89.1671,0.0000,0.0000
"RECTAN"0,0,0,000000000000000000000000,0,16,265.200,-2108.512,-1871.617,169.0633,0.8034,3.0584,0.0000,0.0000
"RECTAN"0,0,0,000000000000000000000000,0,16,0.110,0.000,0.000,0.0000,0.0000,0.0000,0.0000,0.0000
"RECTAN"0,0,1,001010000000000000000000,0,16,306.903,-1770.280,-1654.807,152.7291,-3.5037,164.5961,0.0000,0.0000
"RECTAN"0,0,1,001010000000000000000000,0,16,258.112,-1770.274,-1654.815,152.7291,-3.5039,164.5959,0.0000,0.0000
"RECTAN"0,0,1,001010000000000000000000,0,16,320.712,-1770.274,-1654.815,152.7291,-3.5039,164.5959,0.0000,0.0000
"RECTAN"0,0,1,001010000000000000000000,0,16,310.712,-1770.274,-1654.815,152.7291,-3.5039,164.5959,0.0000,0.0000
"RECTAN"0,0,0,001000000000000000000000,0,16,-286.015,-1827.341,-1712.265,-89.5417,-61.6010,-89.4958,0.0000,0.0000
"RECTAN"0,0,0,001000000000000000000000,0,16,-182.744,-1827.341,-1712.265,-89.5417,-61.6010,-89.4958,0.0000,0.0000
"RECTAN"0,0,0,001000000000000000000000,0,16,-377.420,-1826.749,-1710.745,-89.6182,-61.6025,-89.2541,0.0000,0.0000
"RECTAN"0,0,0,001000000000000000000000,0,16,-631.168,-1818.963,-1689.033,-90.9143,-61.5838,-85.9805,0.0000,0.0000
"RECTAN"0,0,0,001110000000000000000000,0,16,-242.643,-1549.966,-1884.541,171.6479,3.3756,-175.3805,0.0000,0.0000
"RECTAN"0,0,0,000000000000000000000000,0,16,0.000,0.000,0.000,0.0000,0.0000,0.0000,0.0000,0.0000
"RECTAN"0,0,1,001000000000000000000000,0,16,-298.130,-1769.770,-1665.174,158.0455,4.5572,-165.2944,0.0000,0.0000
"RECTAN"0,0,1,001000000000000000000000,0,16,-246.790,-1769.737,-1665.188,158.0446,4.5576,-165.2960,0.0000,0.0000
"RECTAN"0,0,1,001000000000000000000000,0,16,-309.390,-1769.737,-1665.188,158.0446,4.5576,-165.2960,0.0000,0.0000
"RECTAN"0,0,1,001000000000000000000000,0,16,-299.390,-1769.737,-1665.188,158.0446,4.5576,-165.2960,0.0000,0.0000
"RECTAN"0,0,0,001000000000000000000000,0,16,325.002,-1825.196,-1710.300,90.5640,-0.3050,-89.3659,0.0000,0.0000
"RECTAN"0,0,0,001000000000000000000000,0,16,210.800,-1825.196,-1710.300,90.5640,-0.3050,-89.3659,0.0000,0.0000
"RECTAN"0,0,0,001000000000000000000000,0,16,488.000,-1824.746,-1709.257,90.1722,-0.3031,-89.3623,0.0000,0.0000
"RECTAN"0,0,0,001000000000000000000000,0,16,887.225,-1824.186,-1627.302,89.9650,0.0074,-89.4506,0.0000,0.0000
"RECTAN"0,0,0,001000000000000000000000,0,16,325.183,-1825.203,-1710.294,90.5635,-0.3048,-89.3663,0.0000,0.0000
"RECTAN"0,0,0,000000000000000000000000,0,16,0.000,0.000,0.000,0.0000,0.0000,0.0000,0.0000,0.0000
"RECTAN"0,0,1,001010000000000000000000,0,16,328.268,-1823.998,-1641.294,90.1144,-16.7469,-175.8550,0.0000,0.0000
"RECTAN"0,0,1,001010000000000000000000,0,16,265.361,-1824.000,-1635.000,90.1154,-16.7463,-175.8550,0.0000,0.0000
"RECTAN"0,0,1,001010000000000000000000,0,16,338.861,-1824.000,-1641.300,90.1154,-16.7463,-175.8550,0.0000,0.0000
"RECTAN"0,0,1,001010000000000000000000,0,16,328.861,-1824.000,-1641.300,90.1154,-16.7463,-175.8550,0.0000,0.0000
"RECTAN"0,0,0,001000000000000000000000,0,16,-302.315,-1827.300,-1712.100,-90.2500,-59.2871,-89.6000,0.0000,0.0000
"RECTAN"0,0,0,001000000000000000000000,0,16,-189.600,-1827.300,-1712.100,-90.2500,-59.2871,-89.6000,0.0000,0.0000
"RECTAN"0,0,0,001000000000000000000000,0,16,-494.701,-1828.034,-1710.775,-89.9080,-59.2853,-89.5380,0.0000,0.0000
"RECTAN"0,0,0,001000000000000000000000,0,16,-751.108,-1830.368,-1659.992,-89.4612,-59.2899,-89.9233,0.0000,0.0000
"RECTAN"0,0,0,001000000000000000000000,0,16,-302.766,-1827.300,-1712.098,-90.2489,-59.2880,-89.5996,0.0000,0.0000
"RECTAN"0,0,0,000000000000000000000000,0,16,0.000,0.000,0.000,0.0000,0.0000,0.0000,0.0000,0.0000
"RECTAN"0,0,1,001000000000000000000000,0,16,-305.968,-1815.011,-1640.801,90.0930,33.5267,169.9551,0.0000,0.0000
"RECTAN"0,0,1,001000000000000000000000,0,16,-190.000,-1815.000,-1717.000,90.0915,33.5239,169.9534,0.0000,0.0000
"RECTAN"0,0,1,001000000000000000000000,0,16,-330.995,-1815.000,-1640.800,90.0915,33.5239,169.9534,0.0000,0.0000
"RECTAN"0,0,1,001000000000000000000000,0,16,-320.995,-1815.000,-1640.800,90.0915,33.5239,169.9534,0.0000,0.0000
"RECTAN"0,0,0,001000000000000000000000,0,16,497.631,-1824.500,-1711.600,90.0000,-0.3032,-89.3619,0.0000,0.0000
"RECTAN"0,0,0,001000000000000000000000,0,16,356.200,-1824.500,-1711.600,90.0000,-0.3032,-89.3619,0.0000,0.0000
"RECTAN"0,0,0,001000000000000000000000,0,16,685.817,-1824.544,-1709.263,90.1704,-0.3027,-89.3624,0.0000,0.0000
"RECTAN"0,0,0,001000000000000000000000,0,16,841.416,-1824.210,-1711.816,89.9657,0.0067,-89.4511,0.0000,0.0000
"RECTAN"0,0,0,001000000000000000000000,0,16,497.560,-1824.501,-1711.597,89.9995,-0.3024,-89.3620,0.0000,0.0000
"UNUSED"
"RECTAN"0,0,1,001010000000000000000000,0,16,484.355,-1800.000,-1606.298,90.1148,-16.7477,-175.8533,0.0000,0.0000
"RECTAN"0,0,1,001010000000000000000000,0,16,410.000,-1800.000,-1638.000,90.1154,-16.7467,-175.8537,0.0000,0.0000
"RECTAN"0,0,1,001010000000000000000000,0,16,494.700,-1800.000,-1606.300,90.1154,-16.7467,-175.8537,0.0000,0.0000
"RECTAN"0,0,1,001010000000000000000000,0,16,484.700,-1800.000,-1606.300,90.1154,-16.7467,-175.8537,0.0000,0.0000
"RECTAN"0,0,0,001000000000000000000000,0,16,-475.231,-1829.200,-1712.500,-89.5000,-59.2856,-89.8000,0.0000,0.0000
"RECTAN"0,0,0,001000000000000000000000,0,16,-333.800,-1829.200,-1712.500,-89.5000,-59.2856,-89.8000,0.0000,0.0000
"RECTAN"0,0,0,001000000000000000000000,0,16,-696.554,-1829.591,-1714.909,-88.9498,-59.2860,-90.2368,0.0000,0.0000
"RECTAN"0,0,0,001000000000000000000000,0,16,-751.111,-1830.385,-1661.644,-89.4611,-59.2903,-89.9233,0.0000,0.0000
"RECTAN"0,0,0,001000000000000000000000,0,16,-476.867,-1829.200,-1712.514,-89.4957,-59.2857,-89.8038,0.0000,0.0000
"UNUSED"
"RECTAN"0,0,1,001000000000000000000000,0,16,-462.481,-1815.052,-1605.696,90.0904,33.5224,179.6984,0.0000,0.0000
"RECTAN"0,0,1,001000000000000000000000,0,16,-310.000,-1815.041,-1720.000,90.0893,33.5203,179.6972,0.0000,0.0000
"RECTAN"0,0,1,001000000000000000000000,0,16,-479.527,-1815.041,-1605.700,90.0893,33.5203,179.6972,0.0000,0.0000
"RECTAN"0,0,1,001000000000000000000000,0,16,-469.527,-1815.041,-1605.700,90.0893,33.5203,179.6972,0.0000,0.0000
"RECTAN"0,0,0,001000000000000000000000,0,16,462.231,-1824.800,-1711.200,89.9997,-0.3031,-89.3621,0.0000,0.0000
"RECTAN"0,0,0,001000000000000000000000,0,16,317.500,-1824.800,-1711.200,89.9997,-0.3031,-89.3621,0.0000,0.0000
"RECTAN"0,0,0,001000000000000000000000,0,16,584.389,-1824.501,-1711.601,90.0001,-0.3025,-89.3621,0.0000,0.0000
"RECTAN"0,0,0,001000000000000000000000,0,16,944.387,-1824.499,-1711.601,90.0000,-0.3021,-89.3624,0.0000,0.0000
"RECTAN"0,0,0,001000000000000000000000,0,16,462.105,-1824.800,-1711.198,89.9992,-0.3021,-89.3614,0.0000,0.0000
"UNUSED"
"RECTAN"0,0,1,001010000000000000000000,0,16,449.378,-1800.433,-1603.595,84.9985,-40.0007,-177.9995,0.0000,0.0000
"RECTAN"0,0,1,001010000000000000000000,0,16,410.000,-1800.434,-1636.000,85.0000,-40.0000,-178.0000,0.0000,0.0000
"RECTAN"0,0,1,001010000000000000000000,0,16,501.000,-1800.434,-1603.600,85.0000,-40.0000,-178.0000,0.0000,0.0000
"RECTAN"0,0,1,001010000000000000000000,0,16,461.000,-1800.434,-1603.600,85.0000,-40.0000,-178.0000,0.0000,0.0000
"RECTAN"0,0,0,001000000000000000000000,0,16,-439.731,-1829.000,-1712.500,-89.6000,-59.2854,-90.0000,0.0000,0.0000
"RECTAN"0,0,0,001000000000000000000000,0,16,-295.000,-1829.000,-1712.500,-89.6000,-59.2854,-90.0000,0.0000,0.0000
"RECTAN"0,0,0,001000000000000000000000,0,16,-508.255,-1829.595,-1714.903,-88.9492,-59.2868,-90.2367,0.0000,0.0000
"RECTAN"0,0,0,001000000000000000000000,0,16,-822.873,-1829.610,-1714.895,-88.9488,-59.2869,-90.2370,0.0000,0.0000
"RECTAN"0,0,0,001000000000000000000000,0,16,-440.336,-1829.005,-1712.514,-89.5933,-59.2877,-90.0024,0.0000,0.0000
"UNUSED"
"RECTAN"0,0,1,001000000000000000000000,0,16,-428.432,-1815.060,-1601.993,90.0217,40.0019,177.9995,0.0000,0.0000
"RECTAN"0,0,1,001000000000000000000000,0,16,-300.000,-1815.066,-1717.000,90.0219,40.0000,178.0000,0.0000,0.0000
"RECTAN"0,0,1,001000000000000000000000,0,16,-473.489,-1815.066,-1602.000,90.0219,40.0000,178.0000,0.0000,0.0000
"RECTAN"0,0,1,001000000000000000000000,0,16,-433.489,-1815.066,-1602.000,90.0219,40.0000,178.0000,0.0000,0.0000
"RECTAN"0,0,0,001000000000000000000000,0,16,293.288,-1824.511,-1712.500,90.5000,-0.3027,-89.3620,0.0000,0.0000
"RECTAN"0,0,0,001000000000000000000000,0,16,204.500,-1824.511,-1712.500,90.5000,-0.3027,-89.3620,0.0000,0.0000
"RECTAN"0,0,0,001000000000000000000000,0,16,386.441,-1824.511,-1711.594,89.9998,-0.3027,-89.3620,0.0000,0.0000
"RECTAN"0,0,0,001000000000000000000000,0,16,944.387,-1824.499,-1711.601,90.0000,-0.3021,-89.3624,0.0000,0.0000
"RECTAN"0,0,0,001000000000000000000000,0,16,293.178,-1824.506,-1712.503,90.5006,-0.3022,-89.3622,0.0000,0.0000
"UNUSED"
"RECTAN"0,0,1,001010000000000000000000,0,16,296.993,-1828.365,-1661.494,90.1603,-16.8490,-175.9109,0.0000,0.0000
"RECTAN"0,0,1,001010000000000000000000,0,16,245.000,-1828.350,-1633.000,90.1602,-16.8475,-175.9098,0.0000,0.0000
"RECTAN"0,0,1,001010000000000000000000,0,16,307.600,-1828.350,-1661.500,90.1602,-16.8475,-175.9098,0.0000,0.0000
"RECTAN"0,0,1,001010000000000000000000,0,16,297.600,-1828.350,-1661.500,90.1602,-16.8475,-175.9098,0.0000,0.0000
"RECTAN"0,0,0,001000000000000000000000,0,16,-271.788,-1827.600,-1712.000,-90.0000,-59.2868,-89.3000,0.0000,0.0000
"RECTAN"0,0,0,001000000000000000000000,0,16,-183.000,-1827.600,-1712.000,-90.0000,-59.2868,-89.3000,0.0000,0.0000
"RECTAN"0,0,0,001000000000000000000000,0,16,-354.008,-1829.578,-1714.888,-88.9568,-59.2870,-90.2295,0.0000,0.0000
"RECTAN"0,0,0,001000000000000000000000,0,16,-822.873,-1829.610,-1714.895,-88.9488,-59.2869,-90.2370,0.0000,0.0000
"RECTAN"0,0,0,001000000000000000000000,0,16,-271.882,-1827.606,-1712.003,-90.0001,-59.2886,-89.3002,0.0000,0.0000
"UNUSED"
"RECTAN"0,0,1,001000000000000000000000,0,16,-274.669,-1823.985,-1662.017,90.1748,17.9922,179.7358,0.0000,0.0000
"RECTAN"0,0,1,001000000000000000000000,0,16,-155.000,-1824.011,-1716.000,90.1753,17.9896,179.7354,0.0000,0.0000
"RECTAN"0,0,1,001000000000000000000000,0,16,-283.766,-1824.011,-1662.000,90.1753,17.9896,179.7354,0.0000,0.0000
"RECTAN"0,0,1,001000000000000000000000,0,16,-273.766,-1824.011,-1662.000,90.1753,17.9896,179.7354,0.0000,0.0000
"UNUSED"
"UNUSED"
"UNUSED"
"UNUSED"
"UNUSED"
"UNUSED"
"UNUSED"
"UNUSED"
"UNUSED"
"UNUSED"
"UNUSED"
"UNUSED"
"UNUSED"
"UNUSED"
"UNUSED"
"UNUSED"
"UNUSED"
"UNUSED"
"UNUSED"
"UNUSED"
"UNUSED"
"UNUSED"
"UNUSED"
"UNUSED"
"UNUSED"
"UNUSED"
"UNUSED"
"UNUSED"
"UNUSED"
"UNUSED"
"UNUSED"
"UNUSED"
"UNUSED"
"UNUSED"
"UNUSED"
"UNUSED"
"UNUSED"
"UNUSED"
"UNUSED"
"UNUSED"
"RECTAN"0,0,0,001000000000000000000000,0,16,-135.992,1798.863,-1710.000,90.2300,0.0019,89.9287,0.0000,0.0000
"RECTAN"0,0,0,001000000000000000000000,0,16,-9.289,1797.281,-1709.200,-90.8502,-60.0928,91.1245,0.0000,0.0000
"RECTAN"0,0,0,001000000000000000000000,0,16,205.239,1797.284,-1709.313,-90.8580,-60.0871,91.1318,0.0000,0.0000
"RECTAN"0,0,0,001000000000000000000000,0,16,406.943,1795.519,-1558.554,-90.8515,-60.0950,91.1233,0.0000,0.0000
"UNUSED"
"RECTAN"0,0,0,001000000000000000000000,0,16,-32.638,1798.863,-1710.000,90.2300,0.0019,89.9287,0.0000,0.0000
"RECTAN"0,0,0,001000000000000000000000,0,16,-258.525,1799.545,-1709.784,89.9989,0.0049,88.5857,0.0000,0.0000
"RECTAN"0,0,0,001000000000000000000000,0,16,-469.728,1799.565,-1456.340,89.9998,0.0050,88.5861,0.0000,0.0000
"UNUSED"
"UNUSED"
"UNUSED"
"UNUSED"
"UNUSED"
"UNUSED"
"UNUSED"
"UNUSED"
"UNUSED"
"UNUSED"
"UNUSED"
"UNUSED"
"UNUSED"
"UNUSED"
"UNUSED"
"UNUSED"
"UNUSED"
"UNUSED"
"UNUSED"
"UNUSED"
"UNUSED"
"UNUSED"
"UNUSED"
"UNUSED"
"UNUSED"
"UNUSED"
"UNUSED"
"UNUSED"
"UNUSED"
"UNUSED"
"UNUSED"
"UNUSED"
"UNUSED"
"UNUSED"
"UNUSED"
"UNUSED"
"UNUSED"
"UNUSED"
"UNUSED"
"UNUSED"
"UNUSED"
"UNUSED"
"UNUSED"
"UNUSED"
"UNUSED"
"UNUSED"
"UNUSED"
"UNUSED"
"UNUSED"
"UNUSED"
"UNUSED"
"UNUSED"
"UNUSED"
"UNUSED"
"UNUSED"
"UNUSED"
"UNUSED"
"UNUSED"
"UNUSED"
"UNUSED"
"UNUSED"
"UNUSED"
"UNUSED"
"UNUSED"
"UNUSED"
"UNUSED"
"UNUSED"
"UNUSED"
"UNUSED"
"UNUSED"
"UNUSED"
"UNUSED"
"UNUSED"
"UNUSED"
"UNUSED"
"UNUSED"
"UNUSED"
"UNUSED"
"UNUSED"
"UNUSED"
"UNUSED"
"UNUSED"
"UNUSED"
"UNUSED"
"UNUSED"
"UNUSED"
"UNUSED"
"UNUSED"
"UNUSED"
"UNUSED"
"UNUSED"
"UNUSED"
"UNUSED"
"UNUSED"
"UNUSED"
"UNUSED"
"UNUSED"
"UNUSED"
"UNUSED"
"UNUSED"
"UNUSED"
"UNUSED"
"UNUSED"
"UNUSED"
"UNUSED"
"UNUSED"
"UNUSED"
"UNUSED"
"UNUSED"
"UNUSED"
"UNUSED"
"UNUSED"
"UNUSED"
"UNUSED"
"UNUSED"
"UNUSED"
"UNUSED"
"UNUSED"
"UNUSED"
"UNUSED"
"UNUSED"
"UNUSED"
"UNUSED"
"UNUSED"
"UNUSED"
"UNUSED"
"UNUSED"
"UNUSED"
"UNUSED"
"UNUSED"
"UNUSED"
"UNUSED"
"RECTAN"0,0,0,001000000000000000000000,0,16,365.359,1914.230,-1695.879,-90.7974,-60.0100,92.0356,0.0000,0.0000
"RECTAN"0,0,0,001000000000000000000000,0,16,248.626,1914.230,-1695.879,-90.7974,-60.0100,92.0356,0.0000,0.0000
"RECTAN"0,0,0,001000000000000000000000,0,16,471.101,1915.830,-1694.726,-91.0014,-60.0000,92.3979,0.0000,0.0000
"RECTAN"0,0,0,001000000000000000000000,0,16,625.223,1915.822,-1538.561,-91.0002,-60.0015,92.3968,0.0000,0.0000
"UNUSED"
"UNUSED"
"UNUSED"
"UNUSED"
"UNUSED"
"UNUSED"
"UNUSED"
"UNUSED"
"RECTAN"0,0,0,001000000000000000000000,0,16,471.101,1915.830,-1694.726,-91.0014,-60.0025,92.3979,0.0000,0.0000
"UNUSED"
"UNUSED"
"UNUSED"
"UNUSED"
"UNUSED"
"UNUSED"
"UNUSED"
"UNUSED"
"UNUSED"
"UNUSED"
"UNUSED"
"UNUSED"
"UNUSED"
"UNUSED"
"UNUSED"
"UNUSED"
"UNUSED"
"UNUSED"
"UNUSED"
"UNUSED"
"UNUSED"
"UNUSED"
"UNUSED"
"UNUSED"
"UNUSED"
"UNUSED"
"UNUSED"
"UNUSED"
"UNUSED"
"UNUSED"
"UNUSED"
"UNUSED"
"UNUSED"
"UNUSED"
"UNUSED"
"UNUSED"
"UNUSED"
"UNUSED"
"UNUSED"
"UNUSED"
"UNUSED"
"UNUSED"
"UNUSED"
"UNUSED"
"UNUSED"
"UNUSED"
"RECTAN"0,0,0,001010000000000000000000,0,16,1321.601,-749.868,-1848.262,-179.9961,-2.7335,4.3870,0.0000,0.0000
"UNUSED"
"UNUSED"
"UNUSED"
"UNUSED"
"UNUSED"
"UNUSED"
"UNUSED"
"UNUSED"
"UNUSED"
"UNUSED"
"UNUSED"
"UNUSED"
"UNUSED"
"UNUSED"
"UNUSED"
"UNUSED"
"UNUSED"
"UNUSED"
"UNUSED"
"UNUSED"
"RECTAN"0,0,0,001000000000000000000000,0,16,532.442,1802.800,-1710.358,-89.6930,-59.5173,90.1819,0.0000,0.0000
"RECTAN"0,0,0,001000000000000000000000,0,16,403.500,1802.800,-1710.358,-89.6930,-59.5173,90.1819,0.0000,0.0000
"RECTAN"0,0,0,001000000000000000000000,0,16,599.507,1801.789,-1710.022,-90.3112,-59.5140,90.7140,0.0000,0.0000
"RECTAN"0,0,0,001000000000000000000000,0,16,724.122,1804.105,-1710.472,-90.0808,-59.5180,90.5136,0.0000,0.0000
"RECTAN"0,0,0,001000000000000000000000,0,16,532.362,1802.806,-1710.356,-89.6937,-59.5181,90.1826,0.0000,0.0000
"RECTAN"0,0,0,000000000000000000000000,0,16,0.000,0.000,0.000,0.0000,0.0000,0.0000,0.0000,0.0000
"RECTAN"0,0,1,001000000000000000000000,0,16,520.596,1817.381,-1580.498,87.8943,34.2482,-1.5451,0.0000,0.0000
"RECTAN"0,0,1,001000000000000000000000,0,16,420.000,1817.380,-1590.000,87.8936,34.2464,-1.5453,0.0000,0.0000
"RECTAN"0,0,1,001000000000000000000000,0,16,538.000,1817.380,-1580.500,87.8936,34.2464,-1.5453,0.0000,0.0000
"RECTAN"0,0,1,001000000000000000000000,0,16,528.000,1817.380,-1580.500,87.8936,34.2464,-1.5453,0.0000,0.0000
"RECTAN"0,0,0,001000000000000000000000,0,16,-576.054,1795.372,-1711.000,89.9476,-0.4326,90.9432,0.0000,0.0000
"RECTAN"0,0,0,001000000000000000000000,0,16,-407.000,1795.372,-1711.000,89.9476,-0.4326,90.9432,0.0000,0.0000
"RECTAN"0,0,0,001000000000000000000000,0,16,-682.133,1795.366,-1710.510,89.9469,-0.4313,90.9425,0.0000,0.0000
"RECTAN"0,0,0,001000000000000000000000,0,16,-785.861,1794.270,-1588.200,90.1624,1.5633,90.8048,0.0000,0.0000
"RECTAN"0,0,0,001000000000000000000000,0,16,-576.018,1795.368,-1711.005,89.9477,-0.4319,90.9432,0.0000,0.0000
"RECTAN"0,0,0,000000000000000000000000,0,16,0.000,0.000,0.000,0.0000,0.0000,0.0000,0.0000,0.0000
"RECTAN"0,0,0,001000000000000000000000,0,16,-704.759,2098.389,-1465.476,119.5889,18.9716,-159.9223,0.0000,0.0000
"RECTAN"0,0,0,001000000000000000000000,0,16,-593.980,2098.364,-1475.000,119.5904,18.9721,-159.9210,0.0000,0.0000
"RECTAN"0,0,0,001000000000000000000000,0,16,-711.980,2098.364,-1465.500,119.5904,18.9721,-159.9210,0.0000,0.0000
"RECTAN"0,0,0,001000000000000000000000,0,16,-701.980,2098.364,-1465.500,119.5904,18.9721,-159.9210,0.0000,0.0000
"UNUSED"
"UNUSED"
"UNUSED"
"UNUSED"
"UNUSED"
"RECTAN"0,0,0,000000000000000000000000,0,16,0.000,0.000,0.000,0.0000,0.0000,0.0000,0.0000,0.0000
"UNUSED"
"UNUSED"
"UNUSED"
"UNUSED"
"UNUSED"
"UNUSED"
"UNUSED"
"UNUSED"
"UNUSED"
"UNUSED"
"UNUSED"
"UNUSED"
"UNUSED"
"UNUSED"
"RECTAN"0,0,0,000000000000000000000000,0,16,0.000,0.000,0.000,0.0000,0.0000,0.0000,0.0000,0.0000
"RECTAN"0,0,0,000000000000000000000000,0,16,0.000,0.000,0.000,0.0000,0.0000,0.0000,0.0000,0.0000
"RECTAN"0,0,0,000000000000000000000000,0,16,0.000,0.000,0.000,0.0000,0.0000,0.0000,0.0000,0.0000
"RECTAN"0,0,0,000000000000000000000000,0,16,0.000,0.000,0.000,0.0000,0.0000,0.0000,0.0000,0.0000
"RECTAN"0,0,0,000000000000000000000000,0,16,0.000,0.000,0.000,0.0000,0.0000,0.0000,0.0000,0.0000
"RECTAN"0,0,0,000000000000000000000000,0,16,0.000,0.000,0.000,0.0000,0.0000,0.0000,0.0000,0.0000
"RECTAN"0,0,1,000000000000000000000000,0,16,287.224,1734.909,-1653.334,171.7461,1.3271,11.3026,0.0000,0.0000
"RECTAN"0,0,1,000000000000000000000000,0,16,235.747,1734.894,-1653.337,171.7462,1.3271,11.3043,0.0000,0.0000
"RECTAN"0,0,1,000000000000000000000000,0,16,298.347,1734.894,-1653.337,171.7462,1.3271,11.3043,0.0000,0.0000
"RECTAN"0,0,1,000000000000000000000000,0,16,288.347,1734.894,-1653.337,171.7462,1.3271,11.3043,0.0000,0.0000
"RECTAN"0,0,0,000000000000000000000000,0,16,0.000,0.000,0.000,0.0000,0.0000,0.0000,0.0000,0.0000
"RECTAN"0,0,0,000000000000000000000000,0,16,0.000,0.000,0.000,0.0000,0.0000,0.0000,0.0000,0.0000
"RECTAN"0,0,0,000000000000000000000000,0,16,0.000,0.000,0.000,0.0000,0.0000,0.0000,0.0000,0.0000
"RECTAN"0,0,0,000000000000000000000000,0,16,0.000,0.000,0.000,0.0000,0.0000,0.0000,0.0000,0.0000
"RECTAN"0,0,0,000000000000000000000000,0,16,0.000,0.000,0.000,0.0000,0.0000,0.0000,0.0000,0.0000
"RECTAN"0,0,0,000000000000000000000000,0,16,0.000,0.000,0.000,0.0000,0.0000,0.0000,0.0000,0.0000
"RECTAN"0,0,1,001010000000000000000000,0,16,-319.899,1738.170,-1648.004,157.3369,-7.4921,-12.1888,0.0000,0.0000
"RECTAN"0,0,1,001010000000000000000000,0,16,-270.464,1738.154,-1648.009,157.3366,-7.4924,-12.1885,0.0000,0.0000
"RECTAN"0,0,1,001010000000000000000000,0,16,-333.064,1738.154,-1648.009,157.3366,-7.4924,-12.1885,0.0000,0.0000
"RECTAN"0,0,1,001010000000000000000000,0,16,-323.064,1738.154,-1648.009,157.3366,-7.4924,-12.1885,0.0000,0.0000
"RECTAN"0,0,0,001000000000000000000000,0,16,307.433,1799.250,-1710.000,-90.9740,-59.5088,91.2833,0.0000,0.0000
"RECTAN"0,0,0,001000000000000000000000,0,16,178.400,1799.250,-1710.000,-90.9740,-59.5088,91.2833,0.0000,0.0000
"RECTAN"0,0,0,001000000000000000000000,0,16,449.525,1801.780,-1710.022,-90.3103,-59.5137,90.7132,0.0000,0.0000
"RECTAN"0,0,0,001000000000000000000000,0,16,632.489,1799.800,-1709.343,-90.9748,-59.5092,91.2837,0.0000,0.0000
"RECTAN"0,0,0,001000000000000000000000,0,16,532.414,1802.749,-1710.340,-89.7234,-59.5183,90.2077,0.0000,0.0000
"RECTAN"0,0,0,000000000000000000000000,0,16,0.000,0.000,0.000,0.0000,0.0000,0.0000,0.0000,0.0000
"RECTAN"0,0,1,000000000000000000000000,0,16,0.000,0.000,0.000,0.0000,0.0000,0.0000,0.0000,0.0000
"RECTAN"0,0,1,001000000000000000000000,0,16,233.927,1790.172,-1634.643,88.5112,31.0077,-8.9811,0.0000,0.0000
"RECTAN"0,0,1,001000000000000000000000,0,16,313.827,1790.172,-1634.643,88.5112,31.0077,-8.9811,0.0000,0.0000
"RECTAN"0,0,1,001000000000000000000000,0,16,303.827,1790.172,-1634.643,88.5112,31.0077,-8.9811,0.0000,0.0000
"RECTAN"0,0,0,001000000000000000000000,0,16,-389.854,1796.535,-1708.000,91.0000,-2.0000,90.9431,0.0000,0.0000
"RECTAN"0,0,0,001000000000000000000000,0,16,-220.800,1796.535,-1708.000,91.0000,-2.0000,90.9431,0.0000,0.0000
"RECTAN"0,0,0,001000000000000000000000,0,16,-475.278,1795.359,-1710.508,89.9469,-0.4322,90.9432,0.0000,0.0000
"RECTAN"0,0,0,001000000000000000000000,0,16,-785.861,1794.270,-1588.200,90.1624,1.5633,90.8048,0.0000,0.0000
"RECTAN"0,0,0,001000000000000000000000,0,16,-576.023,1795.372,-1710.975,89.9476,-0.4316,90.9426,0.0000,0.0000
"RECTAN"0,0,0,000000000000000000000000,0,16,0.000,0.000,0.000,0.0000,0.0000,0.0000,0.0000,0.0000
"RECTAN"0,0,1,001100000000000000000000,0,16,-343.820,1807.626,-1632.791,117.4668,0.0586,-154.0519,0.0000,0.0000
"RECTAN"0,0,1,001100000000000000000000,0,16,-275.659,1807.613,-1632.805,117.4672,0.0579,-154.0521,0.0000,0.0000
"RECTAN"0,0,1,001100000000000000000000,0,16,-355.559,1807.613,-1632.805,117.4672,0.0579,-154.0521,0.0000,0.0000
"RECTAN"0,0,1,001100000000000000000000,0,16,-345.559,1807.613,-1632.805,117.4672,0.0579,-154.0521,0.0000,0.0000
"UNUSED"
"UNUSED"
"UNUSED"
"UNUSED"
"UNUSED"
"UNUSED"
"UNUSED"
"UNUSED"
"UNUSED"
"UNUSED"
"UNUSED"
"UNUSED"
"UNUSED"
"UNUSED"
"UNUSED"
"UNUSED"
"UNUSED"
"UNUSED"
"UNUSED"
"UNUSED"
"UNUSED"
"UNUSED"
"UNUSED"
"UNUSED"
"UNUSED"
"UNUSED"
"UNUSED"
"UNUSED"
"UNUSED"
"UNUSED"
"UNUSED"
"UNUSED"
"UNUSED"
"UNUSED"
"UNUSED"
"UNUSED"
"UNUSED"
"UNUSED"
"UNUSED"
"UNUSED"
"UNUSED"
"UNUSED"
"UNUSED"
"UNUSED"
"UNUSED"
"UNUSED"
"UNUSED"
"UNUSED"
"UNUSED"
"UNUSED"
"UNUSED"
"UNUSED"
"UNUSED"
"UNUSED"
"UNUSED"
"UNUSED"
"UNUSED"
"UNUSED"
"UNUSED"
"UNUSED"
"UNUSED"
"UNUSED"
"UNUSED"
"UNUSED"
"UNUSED"
"UNUSED"
"UNUSED"
"UNUSED"
"UNUSED"
"UNUSED"
"UNUSED"
"UNUSED"
"UNUSED"
"UNUSED"
"UNUSED"
"UNUSED"
"UNUSED"
"UNUSED"
"UNUSED"
"UNUSED"
"UNUSED"
"UNUSED"
"UNUSED"
"UNUSED"
"UNUSED"
"UNUSED"
"UNUSED"
"UNUSED"
"UNUSED"
"UNUSED"
"UNUSED"
"UNUSED"
"UNUSED"
"UNUSED"
"UNUSED"
"UNUSED"
"UNUSED"
"UNUSED"
"UNUSED"
"UNUSED"
"UNUSED"
"UNUSED"
"UNUSED"
"UNUSED"
"UNUSED"
"UNUSED"
"UNUSED"
"UNUSED"
"UNUSED"
"UNUSED"
"UNUSED"
"UNUSED"
"UNUSED"
"UNUSED"
"UNUSED"
"UNUSED"
"UNUSED"
"UNUSED"
"UNUSED"
"UNUSED"
"UNUSED"
"UNUSED"
"UNUSED"
"UNUSED"
"UNUSED"
"UNUSED"
"UNUSED"
"UNUSED"
"UNUSED"
"UNUSED"
"UNUSED"
"UNUSED"
"UNUSED"
"UNUSED"
"UNUSED"
"UNUSED"
"UNUSED"
"UNUSED"
"UNUSED"
"UNUSED"
"UNUSED"
"UNUSED"
"UNUSED"
"UNUSED"
"UNUSED"
"UNUSED"
"UNUSED"
"UNUSED"
"UNUSED"
"UNUSED"
"UNUSED"
"UNUSED"
"UNUSED"
"UNUSED"
"UNUSED"
"UNUSED"
"UNUSED"
"UNUSED"
"UNUSED"
"UNUSED"
"UNUSED"
"UNUSED"
"UNUSED"
"UNUSED"
"UNUSED"
"UNUSED"
"UNUSED"
"UNUSED"
"UNUSED"
"UNUSED"
"UNUSED"
"UNUSED"
"UNUSED"
"UNUSED"
"UNUSED"
"UNUSED"
"UNUSED"
"UNUSED"
"UNUSED"
"UNUSED"
"UNUSED"
"UNUSED"
"UNUSED"
"UNUSED"
"UNUSED"
"UNUSED"
"UNUSED"
"UNUSED"
"UNUSED"
"UNUSED"
"UNUSED"
"UNUSED"
"UNUSED"
"UNUSED"
"UNUSED"
"UNUSED"
"UNUSED"
"UNUSED"
"UNUSED"
"UNUSED"
"UNUSED"
"UNUSED"
"UNUSED"
"UNUSED"
"UNUSED"
"UNUSED"
"UNUSED"
"UNUSED"
"UNUSED"
"UNUSED"
"UNUSED"
"UNUSED"
"UNUSED"
"UNUSED"
"UNUSED"
"UNUSED"
"UNUSED"
"UNUSED"
"UNUSED"
"UNUSED"
"UNUSED"
"UNUSED"
"UNUSED"
"UNUSED"
"UNUSED"
"UNUSED"
"UNUSED"
"UNUSED"
"UNUSED"
"UNUSED"
"UNUSED"
"UNUSED"
"UNUSED"
"UNUSED"
"UNUSED"
"UNUSED"
"UNUSED"
"UNUSED"
"UNUSED"
"UNUSED"
"UNUSED"
"UNUSED"
"UNUSED"
"UNUSED"
"UNUSED"
"UNUSED"
"UNUSED"
"UNUSED"
"UNUSED"
"UNUSED"
"UNUSED"
"UNUSED"
"UNUSED"
"UNUSED"
"UNUSED"
"UNUSED"
"UNUSED"
"UNUSED"
"UNUSED"
"UNUSED"
"UNUSED"
"UNUSED"
"UNUSED"
"UNUSED"
"UNUSED"
"UNUSED"
"UNUSED"
"UNUSED"
"UNUSED"
"UNUSED"
"UNUSED"
"UNUSED"
"UNUSED"
"UNUSED"
"UNUSED"
"UNUSED"
"UNUSED"
"UNUSED"
"UNUSED"
"UNUSED"
"UNUSED"
"UNUSED"
"UNUSED"
"UNUSED"
"UNUSED"
"UNUSED"
"UNUSED"
"UNUSED"
"UNUSED"
"UNUSED"
"UNUSED"
"UNUSED"
"UNUSED"
"UNUSED"
"UNUSED"
"UNUSED"
"UNUSED"
"UNUSED"
"UNUSED"
"UNUSED"
"UNUSED"
"UNUSED"
"UNUSED"
"UNUSED"
"UNUSED"
"UNUSED"
"UNUSED"
"UNUSED"
"UNUSED"
"UNUSED"
"UNUSED"
"UNUSED"
"UNUSED"
"UNUSED"
"UNUSED"
"UNUSED"
"UNUSED"
"UNUSED"
"UNUSED"
"UNUSED"
"UNUSED"
"UNUSED"
"UNUSED"
"UNUSED"
"UNUSED"
"UNUSED"
"UNUSED"
"UNUSED"
"UNUSED"
"UNUSED"
"UNUSED"
"UNUSED"
"UNUSED"
"UNUSED"
"UNUSED"
"UNUSED"
"UNUSED"
"UNUSED"
"UNUSED"
"UNUSED"
"UNUSED"
"UNUSED"
"UNUSED"
"UNUSED"
"UNUSED"
"UNUSED"
"UNUSED"
"UNUSED"
"UNUSED"
"UNUSED"
"UNUSED"
"UNUSED"
"UNUSED"
"UNUSED"
"UNUSED"
"UNUSED"
"UNUSED"
"UNUSED"
"UNUSED"
"UNUSED"
"UNUSED"
"UNUSED"
"UNUSED"
"UNUSED"
"UNUSED"
"UNUSED"
"UNUSED"
"UNUSED"
"UNUSED"
"UNUSED"
"UNUSED"
"UNUSED"
"UNUSED"
"UNUSED"
"UNUSED"
"UNUSED"
"UNUSED"
"UNUSED"
"UNUSED"
"UNUSED"
"UNUSED"
"UNUSED"
"UNUSED"
"UNUSED"
"UNUSED"
"UNUSED"
"UNUSED"
"UNUSED"
"UNUSED"
"UNUSED"
"UNUSED"
"UNUSED"
"UNUSED"
"UNUSED"
"UNUSED"
"UNUSED"
"UNUSED"
"UNUSED"
"UNUSED"
"UNUSED"
"UNUSED"
"UNUSED"
"UNUSED"
"UNUSED"
"UNUSED"
"UNUSED"
"UNUSED"
"UNUSED"
"UNUSED"
"UNUSED"
"UNUSED"
"UNUSED"
"UNUSED"
"UNUSED"
"UNUSED"
"UNUSED"
"UNUSED"
"UNUSED"
"UNUSED"
"UNUSED"
"UNUSED"
"UNUSED"
"UNUSED"
"UNUSED"
"UNUSED"
"UNUSED"
"UNUSED"
"UNUSED"
"UNUSED"
"UNUSED"
"UNUSED"
"UNUSED"
"UNUSED"
"UNUSED"
"UNUSED"
"UNUSED"
"UNUSED"
"UNUSED"
"UNUSED"
"UNUSED"
"UNUSED"
"UNUSED"
"UNUSED"
"UNUSED"
"UNUSED"
"UNUSED"
"UNUSED"
"UNUSED"
"UNUSED"
"UNUSED"
"UNUSED"
"UNUSED"
"UNUSED"
"UNUSED"
"UNUSED"
"UNUSED"
"UNUSED"
"UNUSED"
"UNUSED"
"UNUSED"
"UNUSED"
"UNUSED"
"UNUSED"
"UNUSED"
"UNUSED"
"UNUSED"
"UNUSED"
"UNUSED"
"UNUSED"
"UNUSED"
"UNUSED"
"UNUSED"
"UNUSED"
"UNUSED"
"UNUSED"
"UNUSED"
"UNUSED"
"UNUSED"
"UNUSED"
"UNUSED"
"UNUSED"
"UNUSED"
"UNUSED"
"UNUSED"
"UNUSED"
"UNUSED"
"UNUSED"
"UNUSED"
"UNUSED"
"UNUSED"
"UNUSED"
"UNUSED"
"UNUSED"
"UNUSED"
"UNUSED"
"UNUSED"
"UNUSED"
"UNUSED"
"UNUSED"
"UNUSED"
"PULSE"0,0,1,000000000000000000000000,0,0,314361,28777,49430,93786,-165625,-92181,0,0
"RECTAN"0,10,1,001000000000000000000000,0,19,50.000,0.000,0.000,90.0000,0.0000,0.0000,0.0000,0.0000
"UNUSED"
"UNUSED"
"UNUSED"
"UNUSED"
"UNUSED"
"UNUSED"
"UNUSED"
"RECTAN"0,0,1,001000000000000000000000,0,16,1657.718,18.154,-498.101,180.0000,-0.6212,90.0000,0.0000,0.0000
"RECTAN"0,0,0,001000000000000000000000,0,16,1323.015,-1810.452,-1880.275,175.1425,-5.0360,103.7634,0.0000,0.0000
///BP
///EX
